Cycle	Time [s]	CoP X [cm]	CoP Y [cm]	Back Left Force [kgf]	Back Right Force [kgf]	Front Left Force [kgf]	Front Right Force [kgf]	Time Stamp [mSecs]	Low Noise Accelerometer X [m/(sec^2)]	Low Noise Accelerometer X [m/(sec^2)]	Low Noise Accelerometer Z [m/(sec^2)]	VSenseBatt [mVolts]	Gyroscope X [deg/sec]	Gyroscope Y [deg/sec]	Gyroscope Z [deg/sec]	Magnetometer X [local flux]	Magnetometer Y [local flux]	Magnetometer Z [local flux]
2293	5.732249e+01	-1.272665e+00	-4.994595e+00	4.027549e-02	-3.779874e-01	-1.006889e+00	3.143152e-01	NaN	NaN	NaN	NaN	NaN	NaN	NaN	NaN	NaN	NaN	NaN
2294	5.776406e+01	-9.623331e-01	-3.562336e+00	-1.006891e-01	5.107951e-02	-1.218335e+00	-6.391075e-01	NaN	NaN	NaN	NaN	NaN	NaN	NaN	NaN	NaN	NaN	NaN
2295	5.779600e+01	-2.235360e+00	-4.385311e+00	-1.711710e-01	-9.194279e-02	-1.359300e+00	1.676348e-01	NaN	NaN	NaN	NaN	NaN	NaN	NaN	NaN	NaN	NaN	NaN
2296	5.782494e+01	3.959410e-01	-4.385054e+00	4.027549e-02	-8.070547e-01	-1.006889e+00	-4.190869e-01	NaN	NaN	NaN	NaN	NaN	NaN	NaN	NaN	NaN	NaN	NaN
2297	5.785270e+01	-3.902404e+00	-4.727976e+00	-4.530998e-01	3.371241e-01	-1.359300e+00	5.343358e-01	NaN	NaN	NaN	NaN	NaN	NaN	NaN	NaN	NaN	NaN	NaN
2298	5.789242e+01	-1.270781e+00	-3.755734e+00	-1.006891e-01	-2.043164e-02	-1.288818e+00	-4.190869e-01	NaN	NaN	NaN	NaN	NaN	NaN	NaN	NaN	NaN	NaN	NaN
2299	5.792257e+01	-1.270781e+00	-3.755734e+00	-1.006891e-01	-2.043164e-02	-1.288818e+00	-4.190869e-01	NaN	NaN	NaN	NaN	NaN	NaN	NaN	NaN	NaN	NaN	NaN
2300	5.795758e+01	-1.141103e+00	-5.201818e+00	-3.121352e-01	-3.064763e-01	-7.249599e-01	9.429451e-02	NaN	NaN	NaN	NaN	NaN	NaN	NaN	NaN	NaN	NaN	NaN
2301	5.798814e+01	-1.174312e+00	-4.032934e+00	3.222043e-01	5.107951e-02	-1.147854e+00	-5.238585e-02	NaN	NaN	NaN	NaN	NaN	NaN	NaN	NaN	NaN	NaN	NaN
2302	5.801817e+01	-2.223863e+00	-3.912910e+00	-1.711710e-01	1.941018e-01	-1.359300e+00	-1.257260e-01	NaN	NaN	NaN	NaN	NaN	NaN	NaN	NaN	NaN	NaN	NaN
2303	5.804779e+01	-9.777253e-01	-4.770251e+00	3.222043e-01	-3.779874e-01	-1.077371e+00	3.143152e-01	NaN	NaN	NaN	NaN	NaN	NaN	NaN	NaN	NaN	NaN	NaN
2304	5.807759e+01	-2.580245e+00	-4.978267e+00	-1.711710e-01	5.107951e-02	-1.077371e+00	4.609956e-01	NaN	NaN	NaN	NaN	NaN	NaN	NaN	NaN	NaN	NaN	NaN
2305	5.810597e+01	-1.320256e+00	-4.102607e+00	-3.020641e-02	-2.043164e-02	-1.147854e+00	-1.990663e-01	NaN	NaN	NaN	NaN	NaN	NaN	NaN	NaN	NaN	NaN	NaN
2306	5.813560e+01	-1.005275e+00	-3.905376e+00	4.027549e-02	-2.043164e-02	-1.147854e+00	-3.457467e-01	NaN	NaN	NaN	NaN	NaN	NaN	NaN	NaN	NaN	NaN	NaN
2307	5.816464e+01	-2.154982e+00	-4.026028e+00	-3.020641e-02	5.516576e-01	-1.006889e+00	-1.257260e-01	NaN	NaN	NaN	NaN	NaN	NaN	NaN	NaN	NaN	NaN	NaN
2308	5.819286e+01	-7.743502e-01	-3.795567e+00	4.027549e-02	-2.349655e-01	-1.288818e+00	-4.190869e-01	NaN	NaN	NaN	NaN	NaN	NaN	NaN	NaN	NaN	NaN	NaN
2309	5.822808e+01	-8.607513e-01	-3.802385e+00	4.027549e-02	-3.779874e-01	-1.429782e+00	-3.457467e-01	NaN	NaN	NaN	NaN	NaN	NaN	NaN	NaN	NaN	NaN	NaN
2310	5.825715e+01	-2.227676e+00	-4.803178e+00	-7.350286e-01	-2.349655e-01	-1.147854e+00	2.095433e-02	NaN	NaN	NaN	NaN	NaN	NaN	NaN	NaN	NaN	NaN	NaN
2311	5.828483e+01	-1.148214e+00	-4.306861e+00	1.107578e-01	-9.194279e-02	-1.077371e+00	-5.238585e-02	NaN	NaN	NaN	NaN	NaN	NaN	NaN	NaN	NaN	NaN	NaN
2312	5.831162e+01	-2.238235e+00	-4.274536e+00	-3.020641e-02	-1.634544e-01	-1.500265e+00	2.409750e-01	NaN	NaN	NaN	NaN	NaN	NaN	NaN	NaN	NaN	NaN	NaN
2313	5.833875e+01	-5.462592e-01	-4.070816e+00	4.631693e-01	-2.043164e-02	-1.006889e+00	-1.257260e-01	NaN	NaN	NaN	NaN	NaN	NaN	NaN	NaN	NaN	NaN	NaN
2314	5.836766e+01	-2.015061e-01	-3.539085e+00	3.926866e-01	1.225907e-01	-1.006889e+00	-5.657672e-01	NaN	NaN	NaN	NaN	NaN	NaN	NaN	NaN	NaN	NaN	NaN
2315	5.839432e+01	-1.281539e+00	-4.439988e+00	-2.416533e-01	-3.064763e-01	-1.147854e+00	-1.257260e-01	NaN	NaN	NaN	NaN	NaN	NaN	NaN	NaN	NaN	NaN	NaN
2316	5.842142e+01	-1.455311e+00	-3.945847e+00	-2.416533e-01	-9.194279e-02	-1.288818e+00	-3.457467e-01	NaN	NaN	NaN	NaN	NaN	NaN	NaN	NaN	NaN	NaN	NaN
2317	5.844927e+01	-2.104203e+00	-4.756829e+00	-1.006891e-01	-9.194279e-02	-1.147854e+00	3.143152e-01	NaN	NaN	NaN	NaN	NaN	NaN	NaN	NaN	NaN	NaN	NaN
2318	5.847882e+01	-1.412863e+00	-4.913213e+00	-2.416533e-01	-4.494986e-01	-1.077371e+00	1.676348e-01	NaN	NaN	NaN	NaN	NaN	NaN	NaN	NaN	NaN	NaN	NaN
2319	5.850910e+01	-1.925704e+00	-3.994545e+00	1.812401e-01	2.656130e-01	-1.218335e+00	2.095433e-02	NaN	NaN	NaN	NaN	NaN	NaN	NaN	NaN	NaN	NaN	NaN
2320	5.853881e+01	9.964319e-02	-4.025927e+00	4.631693e-01	-3.779874e-01	-1.077371e+00	-2.724064e-01	NaN	NaN	NaN	NaN	NaN	NaN	NaN	NaN	NaN	NaN	NaN
2321	5.856867e+01	-5.476068e-01	-5.118193e+00	4.027549e-02	-3.064763e-01	-6.544776e-01	9.429451e-02	NaN	NaN	NaN	NaN	NaN	NaN	NaN	NaN	NaN	NaN	NaN
2322	5.859857e+01	-1.409491e+00	-4.687966e+00	1.107578e-01	-2.043164e-02	-9.364069e-01	1.676348e-01	NaN	NaN	NaN	NaN	NaN	NaN	NaN	NaN	NaN	NaN	NaN
2323	5.862791e+01	-1.498834e+00	-3.991883e+00	2.517224e-01	1.941018e-01	-1.147854e+00	-5.238585e-02	NaN	NaN	NaN	NaN	NaN	NaN	NaN	NaN	NaN	NaN	NaN
2324	5.865685e+01	-1.268223e+00	-3.956958e+00	4.027549e-02	-3.779874e-01	-1.500265e+00	-1.257260e-01	NaN	NaN	NaN	NaN	NaN	NaN	NaN	NaN	NaN	NaN	NaN
2325	5.868513e+01	-2.101916e+00	-4.155262e+00	-3.020641e-02	-2.349655e-01	-1.570747e+00	1.676348e-01	NaN	NaN	NaN	NaN	NaN	NaN	NaN	NaN	NaN	NaN	NaN
2326	5.871314e+01	-1.297825e+00	-4.033810e+00	1.107578e-01	-3.064763e-01	-1.429782e+00	-5.238585e-02	NaN	NaN	NaN	NaN	NaN	NaN	NaN	NaN	NaN	NaN	NaN
2327	5.874101e+01	-2.622831e+00	-3.634465e+00	4.027549e-02	4.801468e-01	-1.429782e+00	-5.238585e-02	NaN	NaN	NaN	NaN	NaN	NaN	NaN	NaN	NaN	NaN	NaN
2328	5.876918e+01	-2.151197e+00	-4.701358e+00	-1.711710e-01	-1.634544e-01	-1.570747e+00	9.429451e-02	NaN	NaN	NaN	NaN	NaN	NaN	NaN	NaN	NaN	NaN	NaN
2329	5.879731e+01	-2.517153e+00	-3.691009e+00	3.222043e-01	1.225907e-01	-1.711711e+00	2.409750e-01	NaN	NaN	NaN	NaN	NaN	NaN	NaN	NaN	NaN	NaN	NaN
2330	5.882615e+01	-1.334597e+00	-3.793644e+00	1.812401e-01	5.107951e-02	-1.288818e+00	-1.990663e-01	NaN	NaN	NaN	NaN	NaN	NaN	NaN	NaN	NaN	NaN	NaN
2331	5.885459e+01	-1.815710e+00	-4.521095e+00	4.027549e-02	5.107951e-02	-1.077371e+00	1.676348e-01	NaN	NaN	NaN	NaN	NaN	NaN	NaN	NaN	NaN	NaN	NaN
2332	5.888338e+01	-1.385428e+00	-3.630779e+00	-1.711710e-01	2.656130e-01	-1.147854e+00	-5.657672e-01	NaN	NaN	NaN	NaN	NaN	NaN	NaN	NaN	NaN	NaN	NaN
2333	5.891040e+01	-1.667482e+00	-4.708295e+00	-3.020641e-02	-2.349655e-01	-1.147854e+00	2.409750e-01	NaN	NaN	NaN	NaN	NaN	NaN	NaN	NaN	NaN	NaN	NaN
2334	5.893902e+01	-5.392533e-01	-4.628337e+00	1.107578e-01	-9.194279e-02	-7.249599e-01	-1.257260e-01	NaN	NaN	NaN	NaN	NaN	NaN	NaN	NaN	NaN	NaN	NaN
2335	5.896479e+01	-3.164285e-01	-4.184380e+00	3.222043e-01	-2.349655e-01	-1.006889e+00	-1.990663e-01	NaN	NaN	NaN	NaN	NaN	NaN	NaN	NaN	NaN	NaN	NaN
2336	5.898987e+01	-8.474773e-01	-4.303758e+00	1.107578e-01	5.107951e-02	-8.659245e-01	-1.990663e-01	NaN	NaN	NaN	NaN	NaN	NaN	NaN	NaN	NaN	NaN	NaN
2337	5.901554e+01	-1.168835e+00	-3.797978e+00	-3.020641e-02	-1.634544e-01	-1.359300e+00	-3.457467e-01	NaN	NaN	NaN	NaN	NaN	NaN	NaN	NaN	NaN	NaN	NaN
2338	5.904065e+01	-1.314429e+00	-4.758258e+00	-2.416533e-01	-3.064763e-01	-1.006889e+00	2.095433e-02	NaN	NaN	NaN	NaN	NaN	NaN	NaN	NaN	NaN	NaN	NaN
2339	5.906575e+01	-6.300354e-01	-4.144927e+00	2.517224e-01	-9.194279e-02	-1.006889e+00	-1.990663e-01	NaN	NaN	NaN	NaN	NaN	NaN	NaN	NaN	NaN	NaN	NaN
2340	5.909046e+01	-1.488135e+00	-4.555393e+00	4.027549e-02	-2.043164e-02	-1.006889e+00	9.429451e-02	NaN	NaN	NaN	NaN	NaN	NaN	NaN	NaN	NaN	NaN	NaN
2341	5.911683e+01	-1.409490e+00	-4.929578e+00	-3.020641e-02	-2.043164e-02	-7.954420e-01	1.676348e-01	NaN	NaN	NaN	NaN	NaN	NaN	NaN	NaN	NaN	NaN	NaN
2342	5.914641e+01	-4.197750e-01	-4.377099e+00	1.107578e-01	-9.194279e-02	-7.954420e-01	-2.724064e-01	NaN	NaN	NaN	NaN	NaN	NaN	NaN	NaN	NaN	NaN	NaN
2343	5.919429e+01	4.660118e+00	-8.619240e+00	-3.020641e-02	5.107951e-02	2.235294e+00	-3.457467e-01	NaN	NaN	NaN	NaN	NaN	NaN	NaN	NaN	NaN	NaN	NaN
2344	5.923197e+01	8.933718e+00	-1.331400e+01	-3.020641e-02	-2.349655e-01	3.926867e+00	9.429451e-02	NaN	NaN	NaN	NaN	NaN	NaN	NaN	NaN	NaN	NaN	NaN
2345	5.931509e+01	-1.478862e+02	1.108394e+02	2.517224e-01	5.516576e-01	1.520402e+01	-4.924271e-01	NaN	NaN	NaN	NaN	NaN	NaN	NaN	NaN	NaN	NaN	NaN
2346	5.935210e+01	-7.425356e+01	5.800520e+01	-3.020641e-02	6.231687e-01	1.760042e+01	-5.238585e-02	NaN	NaN	NaN	NaN	NaN	NaN	NaN	NaN	NaN	NaN	NaN
2347	5.939674e+01	-6.068384e+01	4.305701e+01	-1.711710e-01	3.371241e-01	2.133598e+01	-7.124478e-01	NaN	NaN	NaN	NaN	NaN	NaN	NaN	NaN	NaN	NaN	NaN
2348	5.942837e+01	-4.529203e+01	3.256519e+01	-1.711710e-01	6.231687e-01	2.408478e+01	-2.724064e-01	NaN	NaN	NaN	NaN	NaN	NaN	NaN	NaN	NaN	NaN	NaN
2349	5.946111e+01	-3.763158e+01	2.627399e+01	3.222043e-01	7.661910e-01	2.683359e+01	9.429451e-02	NaN	NaN	NaN	NaN	NaN	NaN	NaN	NaN	NaN	NaN	NaN
2350	5.949347e+01	-3.279510e+01	2.313167e+01	3.926866e-01	9.092134e-01	2.979384e+01	6.076760e-01	NaN	NaN	NaN	NaN	NaN	NaN	NaN	NaN	NaN	NaN	NaN
2351	5.952484e+01	-3.365332e+01	2.197911e+01	3.222043e-01	7.661910e-01	3.367037e+01	-4.190869e-01	NaN	NaN	NaN	NaN	NaN	NaN	NaN	NaN	NaN	NaN	NaN
2352	5.955726e+01	-3.119305e+01	2.070893e+01	2.517224e-01	7.661910e-01	3.656014e+01	2.095433e-02	NaN	NaN	NaN	NaN	NaN	NaN	NaN	NaN	NaN	NaN	NaN
2353	5.958530e+01	-3.117547e+01	2.048983e+01	3.926866e-01	6.231687e-01	3.719448e+01	2.095433e-02	NaN	NaN	NaN	NaN	NaN	NaN	NaN	NaN	NaN	NaN	NaN
2354	5.961719e+01	-3.036980e+01	2.022784e+01	-1.006891e-01	1.195258e+00	3.789930e+01	-1.990663e-01	NaN	NaN	NaN	NaN	NaN	NaN	NaN	NaN	NaN	NaN	NaN
2355	5.965119e+01	-3.117732e+01	2.119801e+01	4.027549e-02	4.801468e-01	3.677158e+01	3.143152e-01	NaN	NaN	NaN	NaN	NaN	NaN	NaN	NaN	NaN	NaN	NaN
2356	5.967990e+01	-3.117732e+01	2.119801e+01	4.027549e-02	4.801468e-01	3.677158e+01	3.143152e-01	NaN	NaN	NaN	NaN	NaN	NaN	NaN	NaN	NaN	NaN	NaN
2357	5.970414e+01	-3.400538e+01	2.256086e+01	1.812401e-01	5.516576e-01	3.352940e+01	-2.724064e-01	NaN	NaN	NaN	NaN	NaN	NaN	NaN	NaN	NaN	NaN	NaN
2358	5.972816e+01	-3.542562e+01	2.394985e+01	4.027549e-02	4.086353e-01	3.190831e+01	-1.990663e-01	NaN	NaN	NaN	NaN	NaN	NaN	NaN	NaN	NaN	NaN	NaN
2359	5.975226e+01	-3.635725e+01	2.486238e+01	-3.020641e-02	4.801468e-01	3.056915e+01	-1.990663e-01	NaN	NaN	NaN	NaN	NaN	NaN	NaN	NaN	NaN	NaN	NaN
2360	5.977955e+01	-3.787144e+01	2.694503e+01	-3.826179e-01	4.086353e-01	2.908902e+01	-5.238585e-02	NaN	NaN	NaN	NaN	NaN	NaN	NaN	NaN	NaN	NaN	NaN
2361	5.980486e+01	-3.701199e+01	2.579846e+01	2.517224e-01	4.801468e-01	2.824323e+01	1.676348e-01	NaN	NaN	NaN	NaN	NaN	NaN	NaN	NaN	NaN	NaN	NaN
2362	5.982940e+01	-3.977615e+01	2.779370e+01	-3.020641e-02	3.371241e-01	2.760889e+01	-1.257260e-01	NaN	NaN	NaN	NaN	NaN	NaN	NaN	NaN	NaN	NaN	NaN
2363	5.985452e+01	-3.468914e+01	2.430227e+01	-3.020641e-02	2.656130e-01	3.148542e+01	3.143152e-01	NaN	NaN	NaN	NaN	NaN	NaN	NaN	NaN	NaN	NaN	NaN
2364	5.988173e+01	-3.543839e+01	2.351497e+01	1.107578e-01	4.801468e-01	3.240169e+01	-4.190869e-01	NaN	NaN	NaN	NaN	NaN	NaN	NaN	NaN	NaN	NaN	NaN
2365	5.990674e+01	-3.420895e+01	2.254371e+01	3.926866e-01	6.946799e-01	3.240169e+01	-2.724064e-01	NaN	NaN	NaN	NaN	NaN	NaN	NaN	NaN	NaN	NaN	NaN
2366	5.993202e+01	-3.494149e+01	2.368586e+01	1.107578e-01	3.371241e-01	3.219024e+01	-5.238585e-02	NaN	NaN	NaN	NaN	NaN	NaN	NaN	NaN	NaN	NaN	NaN
2367	5.995723e+01	-3.626761e+01	2.485374e+01	-2.416533e-01	-9.194279e-02	3.275410e+01	-1.257260e-01	NaN	NaN	NaN	NaN	NaN	NaN	NaN	NaN	NaN	NaN	NaN
2368	5.998217e+01	-3.360081e+01	2.251023e+01	1.812401e-01	6.231687e-01	3.324747e+01	-1.257260e-01	NaN	NaN	NaN	NaN	NaN	NaN	NaN	NaN	NaN	NaN	NaN
2369	6.000708e+01	-3.673133e+01	2.447087e+01	1.107578e-01	3.371241e-01	3.134445e+01	-4.190869e-01	NaN	NaN	NaN	NaN	NaN	NaN	NaN	NaN	NaN	NaN	NaN
2370	6.003245e+01	-3.415509e+01	2.430194e+01	-1.006891e-01	7.661910e-01	3.021674e+01	3.143152e-01	NaN	NaN	NaN	NaN	NaN	NaN	NaN	NaN	NaN	NaN	NaN
2371	6.005676e+01	-4.063609e+01	2.801468e+01	-3.121352e-01	-2.043164e-02	2.930047e+01	-4.190869e-01	NaN	NaN	NaN	NaN	NaN	NaN	NaN	NaN	NaN	NaN	NaN
2372	6.008157e+01	-4.081398e+01	2.941160e+01	-4.530998e-01	5.516576e-01	2.683359e+01	-1.990663e-01	NaN	NaN	NaN	NaN	NaN	NaN	NaN	NaN	NaN	NaN	NaN
2373	6.010660e+01	-4.124819e+01	2.914174e+01	-3.020641e-02	4.801468e-01	2.563539e+01	-4.924271e-01	NaN	NaN	NaN	NaN	NaN	NaN	NaN	NaN	NaN	NaN	NaN
2374	6.013219e+01	-4.587220e+01	3.169880e+01	1.107578e-01	5.107951e-02	2.528298e+01	-3.457467e-01	NaN	NaN	NaN	NaN	NaN	NaN	NaN	NaN	NaN	NaN	NaN
2375	6.015752e+01	-4.441598e+01	3.184521e+01	-1.711710e-01	1.941018e-01	2.528298e+01	-1.257260e-01	NaN	NaN	NaN	NaN	NaN	NaN	NaN	NaN	NaN	NaN	NaN
2376	6.018285e+01	-4.143476e+01	2.909312e+01	4.027549e-02	8.377022e-01	2.528298e+01	-2.724064e-01	NaN	NaN	NaN	NaN	NaN	NaN	NaN	NaN	NaN	NaN	NaN
2377	6.020817e+01	-3.836765e+01	2.615395e+01	-3.020641e-02	6.231687e-01	2.880709e+01	-4.190869e-01	NaN	NaN	NaN	NaN	NaN	NaN	NaN	NaN	NaN	NaN	NaN
2378	6.023533e+01	-3.616331e+01	2.474974e+01	-1.006891e-01	4.086353e-01	3.113301e+01	-1.990663e-01	NaN	NaN	NaN	NaN	NaN	NaN	NaN	NaN	NaN	NaN	NaN
2379	6.026042e+01	-3.642507e+01	2.462763e+01	-1.711710e-01	-9.194279e-02	3.303603e+01	-2.724064e-01	NaN	NaN	NaN	NaN	NaN	NaN	NaN	NaN	NaN	NaN	NaN
2380	6.028571e+01	-3.407257e+01	2.315908e+01	-1.006891e-01	4.801468e-01	3.338844e+01	-1.257260e-01	NaN	NaN	NaN	NaN	NaN	NaN	NaN	NaN	NaN	NaN	NaN
2381	6.031068e+01	-3.422184e+01	2.241060e+01	1.812401e-01	6.231687e-01	3.381133e+01	-4.924271e-01	NaN	NaN	NaN	NaN	NaN	NaN	NaN	NaN	NaN	NaN	NaN
2382	6.033636e+01	-3.454757e+01	2.323571e+01	2.517224e-01	1.941018e-01	3.289506e+01	2.095433e-02	NaN	NaN	NaN	NaN	NaN	NaN	NaN	NaN	NaN	NaN	NaN
2383	6.036127e+01	-3.458078e+01	2.360214e+01	4.027549e-02	3.371241e-01	3.247217e+01	2.095433e-02	NaN	NaN	NaN	NaN	NaN	NaN	NaN	NaN	NaN	NaN	NaN
2384	6.038738e+01	-3.893245e+01	2.597465e+01	-3.020641e-02	3.371241e-01	3.000529e+01	-6.391075e-01	NaN	NaN	NaN	NaN	NaN	NaN	NaN	NaN	NaN	NaN	NaN
2385	6.041399e+01	-3.660584e+01	2.582503e+01	1.107578e-01	4.801468e-01	2.852516e+01	2.409750e-01	NaN	NaN	NaN	NaN	NaN	NaN	NaN	NaN	NaN	NaN	NaN
2386	6.043869e+01	-3.794734e+01	2.658041e+01	-1.006891e-01	4.086353e-01	2.873661e+01	-5.238585e-02	NaN	NaN	NaN	NaN	NaN	NaN	NaN	NaN	NaN	NaN	NaN
2387	6.046510e+01	-3.945992e+01	2.821502e+01	4.027549e-02	6.231687e-01	2.612877e+01	9.429451e-02	NaN	NaN	NaN	NaN	NaN	NaN	NaN	NaN	NaN	NaN	NaN
2388	6.048955e+01	-4.702046e+01	3.277991e+01	-1.006891e-01	-2.043164e-02	2.535346e+01	-4.190869e-01	NaN	NaN	NaN	NaN	NaN	NaN	NaN	NaN	NaN	NaN	NaN
2389	6.051502e+01	-4.091656e+01	3.009433e+01	-2.416533e-01	4.801468e-01	2.563539e+01	1.676348e-01	NaN	NaN	NaN	NaN	NaN	NaN	NaN	NaN	NaN	NaN	NaN
2390	6.053960e+01	-4.249814e+01	3.073520e+01	-5.235821e-01	5.107951e-02	2.711552e+01	-1.257260e-01	NaN	NaN	NaN	NaN	NaN	NaN	NaN	NaN	NaN	NaN	NaN
2391	6.056480e+01	-3.838870e+01	2.656380e+01	-3.020641e-02	4.801468e-01	2.852516e+01	-1.990663e-01	NaN	NaN	NaN	NaN	NaN	NaN	NaN	NaN	NaN	NaN	NaN
2392	6.058979e+01	-3.670726e+01	2.541927e+01	1.107578e-01	4.801468e-01	2.922999e+01	2.095433e-02	NaN	NaN	NaN	NaN	NaN	NaN	NaN	NaN	NaN	NaN	NaN
2393	6.061446e+01	-3.480440e+01	2.402734e+01	4.027549e-02	6.946799e-01	3.071011e+01	2.095433e-02	NaN	NaN	NaN	NaN	NaN	NaN	NaN	NaN	NaN	NaN	NaN
2394	6.063955e+01	-3.272446e+01	2.280154e+01	-1.006891e-01	1.123747e+00	3.176735e+01	9.429451e-02	NaN	NaN	NaN	NaN	NaN	NaN	NaN	NaN	NaN	NaN	NaN
2395	6.066398e+01	-3.455271e+01	2.355973e+01	1.107578e-01	6.946799e-01	3.324747e+01	-1.990663e-01	NaN	NaN	NaN	NaN	NaN	NaN	NaN	NaN	NaN	NaN	NaN
2396	6.068899e+01	-3.307804e+01	2.214045e+01	-1.006891e-01	8.377022e-01	3.444567e+01	-3.457467e-01	NaN	NaN	NaN	NaN	NaN	NaN	NaN	NaN	NaN	NaN	NaN
2397	6.071405e+01	-3.478229e+01	2.285188e+01	1.812401e-01	6.231687e-01	3.296555e+01	-4.924271e-01	NaN	NaN	NaN	NaN	NaN	NaN	NaN	NaN	NaN	NaN	NaN
2398	6.073895e+01	-3.479011e+01	2.390644e+01	-1.711710e-01	3.371241e-01	3.268362e+01	-5.238585e-02	NaN	NaN	NaN	NaN	NaN	NaN	NaN	NaN	NaN	NaN	NaN
2399	6.076502e+01	-3.363433e+01	2.320583e+01	-2.416533e-01	4.801468e-01	3.359988e+01	2.095433e-02	NaN	NaN	NaN	NaN	NaN	NaN	NaN	NaN	NaN	NaN	NaN
2400	6.079027e+01	-3.189614e+01	2.165808e+01	4.027549e-02	9.807245e-01	3.416374e+01	2.095433e-02	NaN	NaN	NaN	NaN	NaN	NaN	NaN	NaN	NaN	NaN	NaN
2401	6.081647e+01	-3.277027e+01	2.213890e+01	1.812401e-01	5.516576e-01	3.402278e+01	9.429451e-02	NaN	NaN	NaN	NaN	NaN	NaN	NaN	NaN	NaN	NaN	NaN
2402	6.084101e+01	-3.453039e+01	2.285840e+01	1.107578e-01	6.231687e-01	3.310651e+01	-4.190869e-01	NaN	NaN	NaN	NaN	NaN	NaN	NaN	NaN	NaN	NaN	NaN
2403	6.086703e+01	-3.308498e+01	2.241047e+01	2.517224e-01	9.092134e-01	3.211976e+01	2.095433e-02	NaN	NaN	NaN	NaN	NaN	NaN	NaN	NaN	NaN	NaN	NaN
2404	6.089133e+01	-3.257802e+01	2.304374e+01	-2.416533e-01	1.195258e+00	3.148542e+01	1.676348e-01	NaN	NaN	NaN	NaN	NaN	NaN	NaN	NaN	NaN	NaN	NaN
2405	6.091695e+01	-3.208669e+01	2.257995e+01	-1.711710e-01	1.123747e+00	3.226072e+01	2.409750e-01	NaN	NaN	NaN	NaN	NaN	NaN	NaN	NaN	NaN	NaN	NaN
2406	6.094270e+01	-3.301912e+01	2.248067e+01	-3.826179e-01	3.371241e-01	3.515049e+01	-1.257260e-01	NaN	NaN	NaN	NaN	NaN	NaN	NaN	NaN	NaN	NaN	NaN
2407	6.096844e+01	-3.179951e+01	2.125168e+01	-3.020641e-02	9.092134e-01	3.585532e+01	-1.990663e-01	NaN	NaN	NaN	NaN	NaN	NaN	NaN	NaN	NaN	NaN	NaN
2408	6.099391e+01	-3.188800e+01	2.173435e+01	-3.121352e-01	6.946799e-01	3.627821e+01	-5.238585e-02	NaN	NaN	NaN	NaN	NaN	NaN	NaN	NaN	NaN	NaN	NaN
2409	6.101904e+01	-3.147973e+01	2.101596e+01	-3.020641e-02	7.661910e-01	3.691255e+01	-1.257260e-01	NaN	NaN	NaN	NaN	NaN	NaN	NaN	NaN	NaN	NaN	NaN
2410	6.104428e+01	-3.117732e+01	2.037884e+01	3.926866e-01	8.377022e-01	3.684207e+01	-1.257260e-01	NaN	NaN	NaN	NaN	NaN	NaN	NaN	NaN	NaN	NaN	NaN
2411	6.106905e+01	-3.207159e+01	2.218477e+01	-5.235821e-01	4.086353e-01	3.677158e+01	9.429451e-02	NaN	NaN	NaN	NaN	NaN	NaN	NaN	NaN	NaN	NaN	NaN
2412	6.109353e+01	-3.202581e+01	2.144460e+01	-1.006891e-01	7.661910e-01	3.613725e+01	-1.990663e-01	NaN	NaN	NaN	NaN	NaN	NaN	NaN	NaN	NaN	NaN	NaN
2413	6.111883e+01	-3.192245e+01	2.185482e+01	-2.416533e-01	7.661910e-01	3.543242e+01	2.095433e-02	NaN	NaN	NaN	NaN	NaN	NaN	NaN	NaN	NaN	NaN	NaN
2414	6.114485e+01	-3.362088e+01	2.215932e+01	4.027549e-02	2.656130e-01	3.585532e+01	-3.457467e-01	NaN	NaN	NaN	NaN	NaN	NaN	NaN	NaN	NaN	NaN	NaN
2415	6.117056e+01	-3.411869e+01	2.279050e+01	-2.416533e-01	3.371241e-01	3.529146e+01	-4.190869e-01	NaN	NaN	NaN	NaN	NaN	NaN	NaN	NaN	NaN	NaN	NaN
2416	6.119597e+01	-3.168962e+01	2.146626e+01	-3.020641e-02	8.377022e-01	3.536194e+01	2.095433e-02	NaN	NaN	NaN	NaN	NaN	NaN	NaN	NaN	NaN	NaN	NaN
2417	6.122099e+01	-3.298662e+01	2.200708e+01	1.812401e-01	4.086353e-01	3.493905e+01	-5.238585e-02	NaN	NaN	NaN	NaN	NaN	NaN	NaN	NaN	NaN	NaN	NaN
2418	6.124639e+01	-3.506855e+01	2.354772e+01	-3.020641e-02	5.107951e-02	3.388181e+01	-1.990663e-01	NaN	NaN	NaN	NaN	NaN	NaN	NaN	NaN	NaN	NaN	NaN
2419	6.127315e+01	-3.455771e+01	2.357304e+01	-1.711710e-01	3.371241e-01	3.331795e+01	-1.257260e-01	NaN	NaN	NaN	NaN	NaN	NaN	NaN	NaN	NaN	NaN	NaN
2420	6.129753e+01	-3.516360e+01	2.408079e+01	-2.416533e-01	6.231687e-01	3.197879e+01	-2.724064e-01	NaN	NaN	NaN	NaN	NaN	NaN	NaN	NaN	NaN	NaN	NaN
2421	6.132335e+01	-4.180063e+01	2.829072e+01	-3.020641e-02	1.941018e-01	2.796131e+01	-5.657672e-01	NaN	NaN	NaN	NaN	NaN	NaN	NaN	NaN	NaN	NaN	NaN
2422	6.134893e+01	-4.665039e+01	3.290008e+01	-2.416533e-01	1.225907e-01	2.528298e+01	-4.190869e-01	NaN	NaN	NaN	NaN	NaN	NaN	NaN	NaN	NaN	NaN	NaN
2423	6.137331e+01	-5.983183e+01	4.577094e+01	-2.416533e-01	1.225907e-01	2.049019e+01	2.095433e-02	NaN	NaN	NaN	NaN	NaN	NaN	NaN	NaN	NaN	NaN	NaN
2424	6.139872e+01	-3.031448e+02	2.449180e+02	-1.711710e-01	3.371241e-01	1.449920e+01	-3.457467e-01	NaN	NaN	NaN	NaN	NaN	NaN	NaN	NaN	NaN	NaN	NaN
2425	6.142476e+01	5.089911e+01	-5.156350e+01	-5.940644e-01	1.941018e-01	9.988338e+00	-1.257260e-01	NaN	NaN	NaN	NaN	NaN	NaN	NaN	NaN	NaN	NaN	NaN
2426	6.144868e+01	2.910085e+01	-2.845187e+01	3.222043e-01	2.656130e-01	7.380496e+00	-1.257260e-01	NaN	NaN	NaN	NaN	NaN	NaN	NaN	NaN	NaN	NaN	NaN
2427	6.147307e+01	2.910085e+01	-2.845187e+01	3.222043e-01	2.656130e-01	7.380496e+00	-1.257260e-01	NaN	NaN	NaN	NaN	NaN	NaN	NaN	NaN	NaN	NaN	NaN
2428	6.149726e+01	8.947539e+00	-1.203338e+01	4.027549e-02	1.941018e-01	3.856385e+00	-3.457467e-01	NaN	NaN	NaN	NaN	NaN	NaN	NaN	NaN	NaN	NaN	NaN
2429	6.152183e+01	7.752105e+00	-9.768953e+00	3.926866e-01	-9.194279e-02	2.940116e+00	-4.190869e-01	NaN	NaN	NaN	NaN	NaN	NaN	NaN	NaN	NaN	NaN	NaN
2430	6.154575e+01	5.749225e+00	-8.812010e+00	1.812401e-01	5.107951e-02	2.446740e+00	-4.190869e-01	NaN	NaN	NaN	NaN	NaN	NaN	NaN	NaN	NaN	NaN	NaN
2431	6.157109e+01	4.786555e+00	-1.015168e+01	-4.530998e-01	3.371241e-01	2.940116e+00	-2.724064e-01	NaN	NaN	NaN	NaN	NaN	NaN	NaN	NaN	NaN	NaN	NaN
2432	6.159528e+01	1.769562e+00	-8.500256e+00	-3.121352e-01	4.086353e-01	1.741918e+00	9.429451e-02	NaN	NaN	NaN	NaN	NaN	NaN	NaN	NaN	NaN	NaN	NaN
2433	6.162021e+01	1.651191e+00	-7.395887e+00	-3.826179e-01	1.941018e-01	1.319025e+00	-1.990663e-01	NaN	NaN	NaN	NaN	NaN	NaN	NaN	NaN	NaN	NaN	NaN
2434	6.164377e+01	1.246251e+00	-6.865855e+00	3.222043e-01	5.516576e-01	9.666134e-01	9.429451e-02	NaN	NaN	NaN	NaN	NaN	NaN	NaN	NaN	NaN	NaN	NaN
2435	6.166795e+01	1.122725e+00	-6.687731e+00	-2.416533e-01	-2.043164e-02	7.551667e-01	-1.257260e-01	NaN	NaN	NaN	NaN	NaN	NaN	NaN	NaN	NaN	NaN	NaN
2436	6.169221e+01	-1.650334e+00	-3.869214e+00	4.027549e-02	1.941018e-01	-1.218335e+00	-1.990663e-01	NaN	NaN	NaN	NaN	NaN	NaN	NaN	NaN	NaN	NaN	NaN
2437	6.171692e+01	-1.858751e+00	-3.862164e+00	-4.530998e-01	2.656130e-01	-1.147854e+00	-4.924271e-01	NaN	NaN	NaN	NaN	NaN	NaN	NaN	NaN	NaN	NaN	NaN
2438	6.174071e+01	-2.071356e+00	-4.001060e+00	3.222043e-01	2.656130e-01	-1.288818e+00	1.676348e-01	NaN	NaN	NaN	NaN	NaN	NaN	NaN	NaN	NaN	NaN	NaN
2439	6.176474e+01	-1.815710e+00	-4.401485e+00	1.107578e-01	5.107951e-02	-1.147854e+00	1.676348e-01	NaN	NaN	NaN	NaN	NaN	NaN	NaN	NaN	NaN	NaN	NaN
2440	6.178855e+01	-1.096289e+00	-4.256227e+00	-3.020641e-02	-3.064763e-01	-1.218335e+00	-1.257260e-01	NaN	NaN	NaN	NaN	NaN	NaN	NaN	NaN	NaN	NaN	NaN
2441	6.181227e+01	-1.728482e+00	-4.856102e+00	1.107578e-01	-1.634544e-01	-1.077371e+00	3.876554e-01	NaN	NaN	NaN	NaN	NaN	NaN	NaN	NaN	NaN	NaN	NaN
2442	6.183671e+01	-1.496694e+00	-4.709855e+00	-3.826179e-01	-2.349655e-01	-1.006889e+00	-5.238585e-02	NaN	NaN	NaN	NaN	NaN	NaN	NaN	NaN	NaN	NaN	NaN
2443	6.186089e+01	-1.135547e+00	-4.265754e+00	1.107578e-01	-1.634544e-01	-1.147854e+00	-5.238585e-02	NaN	NaN	NaN	NaN	NaN	NaN	NaN	NaN	NaN	NaN	NaN
2444	6.188573e+01	-1.135547e+00	-4.265754e+00	1.107578e-01	-1.634544e-01	-1.147854e+00	-5.238585e-02	NaN	NaN	NaN	NaN	NaN	NaN	NaN	NaN	NaN	NaN	NaN
2445	6.190927e+01	-1.470378e+00	-3.870359e+00	-1.711710e-01	-2.043164e-02	-1.288818e+00	-3.457467e-01	NaN	NaN	NaN	NaN	NaN	NaN	NaN	NaN	NaN	NaN	NaN
2446	6.193468e+01	-1.899192e+00	-4.879089e+00	-3.020641e-02	-2.349655e-01	-1.147854e+00	3.876554e-01	NaN	NaN	NaN	NaN	NaN	NaN	NaN	NaN	NaN	NaN	NaN
2447	6.195878e+01	-2.027752e+00	-4.264021e+00	-1.711710e-01	-2.043164e-02	-1.288818e+00	2.095433e-02	NaN	NaN	NaN	NaN	NaN	NaN	NaN	NaN	NaN	NaN	NaN
2448	6.198158e+01	-1.345810e+00	-4.504845e+00	4.027549e-02	-2.349655e-01	-1.147854e+00	9.429451e-02	NaN	NaN	NaN	NaN	NaN	NaN	NaN	NaN	NaN	NaN	NaN
2449	6.200394e+01	-5.217534e-01	-3.803311e+00	6.041335e-01	-3.779874e-01	-1.429782e+00	-5.238585e-02	NaN	NaN	NaN	NaN	NaN	NaN	NaN	NaN	NaN	NaN	NaN
2450	6.202579e+01	-3.118680e-01	-4.260471e+00	2.517224e-01	-3.064763e-01	-1.006889e+00	-1.990663e-01	NaN	NaN	NaN	NaN	NaN	NaN	NaN	NaN	NaN	NaN	NaN
2451	6.204744e+01	-1.379096e+00	-3.944538e+00	-1.711710e-01	-2.043164e-02	-1.218335e+00	-3.457467e-01	NaN	NaN	NaN	NaN	NaN	NaN	NaN	NaN	NaN	NaN	NaN
2452	6.206972e+01	-6.300354e-01	-3.909497e+00	3.926866e-01	-9.194279e-02	-1.147854e+00	-1.990663e-01	NaN	NaN	NaN	NaN	NaN	NaN	NaN	NaN	NaN	NaN	NaN
2453	6.209293e+01	7.581429e-01	-4.163983e+00	1.027027e+00	-1.634544e-01	-7.954420e-01	-5.238585e-02	NaN	NaN	NaN	NaN	NaN	NaN	NaN	NaN	NaN	NaN	NaN
2454	6.211467e+01	2.185289e+00	-3.726254e+00	2.154742e+00	-1.634544e-01	-8.659245e-01	2.409750e-01	NaN	NaN	NaN	NaN	NaN	NaN	NaN	NaN	NaN	NaN	NaN
2455	6.213631e+01	1.001602e+01	-4.065154e-01	5.185478e+00	-2.349655e-01	-1.006889e+00	-5.238585e-02	NaN	NaN	NaN	NaN	NaN	NaN	NaN	NaN	NaN	NaN	NaN
2456	6.215816e+01	1.334969e+01	4.327902e-01	6.101747e+00	-3.779874e-01	-1.006889e+00	9.429451e-02	NaN	NaN	NaN	NaN	NaN	NaN	NaN	NaN	NaN	NaN	NaN
2457	6.218011e+01	1.735287e+01	2.228682e+00	7.158980e+00	-3.064763e-01	-1.147854e+00	3.143152e-01	NaN	NaN	NaN	NaN	NaN	NaN	NaN	NaN	NaN	NaN	NaN
2458	6.220201e+01	6.586982e+01	2.217736e+01	1.131743e+01	-9.194279e-02	-1.147854e+00	-5.238585e-02	NaN	NaN	NaN	NaN	NaN	NaN	NaN	NaN	NaN	NaN	NaN
2459	6.222528e+01	5.671205e+02	2.363708e+02	1.434817e+01	-1.634544e-01	-1.641229e+00	3.143152e-01	NaN	NaN	NaN	NaN	NaN	NaN	NaN	NaN	NaN	NaN	NaN
2460	6.224743e+01	-1.103838e+02	-4.242182e+01	1.744939e+01	-5.210097e-01	-1.006889e+00	5.343358e-01	NaN	NaN	NaN	NaN	NaN	NaN	NaN	NaN	NaN	NaN	NaN
2461	6.226932e+01	-1.157254e+02	-4.493934e+01	1.759035e+01	-5.210097e-01	-1.006889e+00	3.143152e-01	NaN	NaN	NaN	NaN	NaN	NaN	NaN	NaN	NaN	NaN	NaN
2462	6.229113e+01	-9.401823e+01	-4.039172e+01	1.864758e+01	-4.494986e-01	-1.500265e+00	4.609956e-01	NaN	NaN	NaN	NaN	NaN	NaN	NaN	NaN	NaN	NaN	NaN
2463	6.231282e+01	-7.226477e+01	-3.079570e+01	1.892951e+01	-4.494986e-01	-1.006889e+00	3.143152e-01	NaN	NaN	NaN	NaN	NaN	NaN	NaN	NaN	NaN	NaN	NaN
2464	6.233506e+01	-9.895347e+01	-4.021508e+01	1.836566e+01	-3.779874e-01	-1.006889e+00	9.429451e-02	NaN	NaN	NaN	NaN	NaN	NaN	NaN	NaN	NaN	NaN	NaN
2465	6.235687e+01	-1.079465e+02	-4.464371e+01	1.829517e+01	-4.494986e-01	-1.218335e+00	9.429451e-02	NaN	NaN	NaN	NaN	NaN	NaN	NaN	NaN	NaN	NaN	NaN
2466	6.237869e+01	-1.059904e+02	-4.206346e+01	1.794276e+01	-4.494986e-01	-1.006889e+00	2.409750e-01	NaN	NaN	NaN	NaN	NaN	NaN	NaN	NaN	NaN	NaN	NaN
2467	6.240054e+01	-1.157169e+02	-4.730575e+01	1.773131e+01	-5.210097e-01	-1.359300e+00	4.609956e-01	NaN	NaN	NaN	NaN	NaN	NaN	NaN	NaN	NaN	NaN	NaN
2468	6.242514e+01	-1.034085e+02	-4.069681e+01	1.681505e+01	-9.194279e-02	-8.659245e-01	6.076760e-01	NaN	NaN	NaN	NaN	NaN	NaN	NaN	NaN	NaN	NaN	NaN
2469	6.244872e+01	-1.948472e+02	-8.231379e+01	1.674456e+01	-2.349655e-01	-1.359300e+00	-1.257260e-01	NaN	NaN	NaN	NaN	NaN	NaN	NaN	NaN	NaN	NaN	NaN
2470	6.247093e+01	-1.627537e+02	-6.487874e+01	1.660360e+01	-3.779874e-01	-1.218335e+00	3.143152e-01	NaN	NaN	NaN	NaN	NaN	NaN	NaN	NaN	NaN	NaN	NaN
2471	6.249264e+01	-1.562986e+02	-6.046626e+01	1.603974e+01	-1.634544e-01	-9.364069e-01	3.876554e-01	NaN	NaN	NaN	NaN	NaN	NaN	NaN	NaN	NaN	NaN	NaN
2472	6.251491e+01	-3.874119e+02	-1.503317e+02	1.540540e+01	-2.349655e-01	-1.077371e+00	2.095433e-02	NaN	NaN	NaN	NaN	NaN	NaN	NaN	NaN	NaN	NaN	NaN
2473	6.253706e+01	-3.127407e+02	-1.226579e+02	1.582829e+01	-3.779874e-01	-1.218335e+00	9.429451e-02	NaN	NaN	NaN	NaN	NaN	NaN	NaN	NaN	NaN	NaN	NaN
2474	6.255725e+01	-2.245493e+02	-8.768481e+01	1.589878e+01	-1.634544e-01	-9.364069e-01	-5.238585e-02	NaN	NaN	NaN	NaN	NaN	NaN	NaN	NaN	NaN	NaN	NaN
2475	6.257580e+01	-2.519066e+02	-9.852121e+01	1.533492e+01	-1.634544e-01	-1.147854e+00	4.609956e-01	NaN	NaN	NaN	NaN	NaN	NaN	NaN	NaN	NaN	NaN	NaN
2476	6.259459e+01	-2.383019e+02	-8.653130e+01	1.512347e+01	-2.349655e-01	-8.659245e-01	5.343358e-01	NaN	NaN	NaN	NaN	NaN	NaN	NaN	NaN	NaN	NaN	NaN
2477	6.261317e+01	-1.031795e+03	-3.439371e+02	1.498251e+01	-7.355432e-01	-8.659245e-01	2.409750e-01	NaN	NaN	NaN	NaN	NaN	NaN	NaN	NaN	NaN	NaN	NaN
2478	6.263165e+01	5.263321e+03	2.116166e+03	1.406624e+01	2.656130e-01	-1.006889e+00	-5.238585e-02	NaN	NaN	NaN	NaN	NaN	NaN	NaN	NaN	NaN	NaN	NaN
2479	6.264996e+01	2.474153e+02	9.852443e+01	1.371383e+01	-1.634544e-01	-1.500265e+00	2.409750e-01	NaN	NaN	NaN	NaN	NaN	NaN	NaN	NaN	NaN	NaN	NaN
2480	6.266846e+01	1.638282e+02	5.389125e+01	1.216322e+01	5.107951e-02	-8.659245e-01	6.076760e-01	NaN	NaN	NaN	NaN	NaN	NaN	NaN	NaN	NaN	NaN	NaN
2481	6.268713e+01	6.424587e+01	2.064316e+01	1.138791e+01	-3.779874e-01	-1.359300e+00	3.876554e-01	NaN	NaN	NaN	NaN	NaN	NaN	NaN	NaN	NaN	NaN	NaN
2482	6.270651e+01	4.109474e+01	1.194500e+01	9.907787e+00	-9.194279e-02	-1.006889e+00	-1.990663e-01	NaN	NaN	NaN	NaN	NaN	NaN	NaN	NaN	NaN	NaN	NaN
2483	6.272529e+01	3.340681e+01	8.235826e+00	9.343929e+00	-3.779874e-01	-1.077371e+00	-5.238585e-02	NaN	NaN	NaN	NaN	NaN	NaN	NaN	NaN	NaN	NaN	NaN
2484	6.274379e+01	2.442986e+01	5.529602e+00	8.075249e+00	1.225907e-01	-9.364069e-01	2.095433e-02	NaN	NaN	NaN	NaN	NaN	NaN	NaN	NaN	NaN	NaN	NaN
2485	6.276252e+01	1.702880e+01	2.888191e+00	7.088498e+00	-9.194279e-02	-1.147854e+00	2.095433e-02	NaN	NaN	NaN	NaN	NaN	NaN	NaN	NaN	NaN	NaN	NaN
2486	6.278119e+01	1.188303e+01	1.182679e+00	5.749336e+00	-2.043164e-02	-1.077371e+00	-4.190869e-01	NaN	NaN	NaN	NaN	NaN	NaN	NaN	NaN	NaN	NaN	NaN
2487	6.280018e+01	6.165142e+00	-4.256894e-01	4.339691e+00	-9.194279e-02	-1.500265e+00	-1.990663e-01	NaN	NaN	NaN	NaN	NaN	NaN	NaN	NaN	NaN	NaN	NaN
2488	6.281897e+01	7.851567e-01	-2.354130e+00	2.084260e+00	1.225907e-01	-1.570747e+00	-5.238585e-02	NaN	NaN	NaN	NaN	NaN	NaN	NaN	NaN	NaN	NaN	NaN
2489	6.283787e+01	2.083735e+00	-2.947389e+00	2.225225e+00	1.941018e-01	-9.364069e-01	-5.238585e-02	NaN	NaN	NaN	NaN	NaN	NaN	NaN	NaN	NaN	NaN	NaN
2490	6.285636e+01	1.787726e+00	-2.444730e+00	1.943296e+00	-9.194279e-02	-1.359300e+00	-4.190869e-01	NaN	NaN	NaN	NaN	NaN	NaN	NaN	NaN	NaN	NaN	NaN
2491	6.287547e+01	1.250222e+00	-3.156317e+00	1.872814e+00	-9.194279e-02	-1.218335e+00	2.095433e-02	NaN	NaN	NaN	NaN	NaN	NaN	NaN	NaN	NaN	NaN	NaN
2492	6.289491e+01	7.420465e-01	-3.787298e+00	1.097509e+00	-3.064763e-01	-1.077371e+00	-1.257260e-01	NaN	NaN	NaN	NaN	NaN	NaN	NaN	NaN	NaN	NaN	NaN
2493	6.291370e+01	-4.254800e-01	-3.587847e+00	6.041335e-01	-2.043164e-02	-1.218335e+00	-2.724064e-01	NaN	NaN	NaN	NaN	NaN	NaN	NaN	NaN	NaN	NaN	NaN
2494	6.293255e+01	-9.647465e-01	-4.614800e+00	6.041335e-01	2.656130e-01	-7.249599e-01	2.409750e-01	NaN	NaN	NaN	NaN	NaN	NaN	NaN	NaN	NaN	NaN	NaN
2495	6.295147e+01	-1.268476e+00	-4.425265e+00	4.631693e-01	2.656130e-01	-8.659245e-01	1.676348e-01	NaN	NaN	NaN	NaN	NaN	NaN	NaN	NaN	NaN	NaN	NaN
2496	6.296996e+01	-7.235962e-01	-4.147098e+00	2.517224e-01	-2.349655e-01	-1.147854e+00	-1.257260e-01	NaN	NaN	NaN	NaN	NaN	NaN	NaN	NaN	NaN	NaN	NaN
2497	6.298838e+01	-2.201263e+00	-3.763203e+00	-1.006891e-01	1.225907e-01	-1.500265e+00	-1.257260e-01	NaN	NaN	NaN	NaN	NaN	NaN	NaN	NaN	NaN	NaN	NaN
2498	6.300695e+01	-1.942569e+00	-4.119356e+00	1.107578e-01	-1.634544e-01	-1.500265e+00	1.676348e-01	NaN	NaN	NaN	NaN	NaN	NaN	NaN	NaN	NaN	NaN	NaN
2499	6.302589e+01	4.178098e-01	-3.390691e+00	6.746158e-01	-1.634544e-01	-1.147854e+00	-5.657672e-01	NaN	NaN	NaN	NaN	NaN	NaN	NaN	NaN	NaN	NaN	NaN
2500	6.304437e+01	-4.060203e-01	-3.944069e+00	2.517224e-01	-1.634544e-01	-1.077371e+00	-3.457467e-01	NaN	NaN	NaN	NaN	NaN	NaN	NaN	NaN	NaN	NaN	NaN
2501	6.306279e+01	-1.882928e+00	-4.543492e+00	2.517224e-01	1.225907e-01	-1.077371e+00	3.143152e-01	NaN	NaN	NaN	NaN	NaN	NaN	NaN	NaN	NaN	NaN	NaN
2502	6.308124e+01	-1.975068e+00	-3.718568e+00	1.812401e-01	1.941018e-01	-1.429782e+00	-5.238585e-02	NaN	NaN	NaN	NaN	NaN	NaN	NaN	NaN	NaN	NaN	NaN
2503	6.309977e+01	-2.187958e+00	-3.464907e+00	5.336512e-01	4.086353e-01	-1.500265e+00	9.429451e-02	NaN	NaN	NaN	NaN	NaN	NaN	NaN	NaN	NaN	NaN	NaN
2504	6.311835e+01	7.966213e-01	-3.089022e+00	1.802331e+00	1.941018e-01	-1.147854e+00	2.095433e-02	NaN	NaN	NaN	NaN	NaN	NaN	NaN	NaN	NaN	NaN	NaN
2505	6.313686e+01	3.498281e+00	-1.896123e+00	3.071011e+00	1.941018e-01	-1.147854e+00	-1.257260e-01	NaN	NaN	NaN	NaN	NaN	NaN	NaN	NaN	NaN	NaN	NaN
2506	6.315512e+01	6.277609e+00	-1.486263e+00	4.269209e+00	-9.194279e-02	-1.147854e+00	2.409750e-01	NaN	NaN	NaN	NaN	NaN	NaN	NaN	NaN	NaN	NaN	NaN
2507	6.317251e+01	9.072945e+00	1.403670e-01	5.114996e+00	5.107951e-02	-1.147854e+00	-1.257260e-01	NaN	NaN	NaN	NaN	NaN	NaN	NaN	NaN	NaN	NaN	NaN
2508	6.319061e+01	1.938302e+01	3.876348e+00	7.511392e+00	-1.634544e-01	-1.147854e+00	-1.990663e-01	NaN	NaN	NaN	NaN	NaN	NaN	NaN	NaN	NaN	NaN	NaN
2509	6.320814e+01	1.938302e+01	3.876348e+00	7.511392e+00	-1.634544e-01	-1.147854e+00	-1.990663e-01	NaN	NaN	NaN	NaN	NaN	NaN	NaN	NaN	NaN	NaN	NaN
2510	6.322530e+01	3.946816e+01	1.308944e+01	9.907787e+00	1.225907e-01	-1.288818e+00	9.429451e-02	NaN	NaN	NaN	NaN	NaN	NaN	NaN	NaN	NaN	NaN	NaN
2511	6.324257e+01	5.897326e+01	1.686320e+01	1.054213e+01	-2.043164e-02	-7.954420e-01	1.676348e-01	NaN	NaN	NaN	NaN	NaN	NaN	NaN	NaN	NaN	NaN	NaN
2512	6.325993e+01	5.897326e+01	1.686320e+01	1.054213e+01	-2.043164e-02	-7.954420e-01	1.676348e-01	NaN	NaN	NaN	NaN	NaN	NaN	NaN	NaN	NaN	NaN	NaN
2513	6.327695e+01	6.698032e+01	2.266556e+01	1.110599e+01	1.225907e-01	-1.006889e+00	-5.238585e-02	NaN	NaN	NaN	NaN	NaN	NaN	NaN	NaN	NaN	NaN	NaN
2514	6.329446e+01	8.483858e+01	2.982664e+01	1.202225e+01	-1.634544e-01	-1.218335e+00	-5.238585e-02	NaN	NaN	NaN	NaN	NaN	NaN	NaN	NaN	NaN	NaN	NaN
2515	6.331192e+01	8.769363e+01	2.824999e+01	1.251563e+01	-7.355432e-01	-1.288818e+00	-5.238585e-02	NaN	NaN	NaN	NaN	NaN	NaN	NaN	NaN	NaN	NaN	NaN
2516	6.332908e+01	1.281007e+02	4.825059e+01	1.307949e+01	-1.634544e-01	-1.218335e+00	-4.190869e-01	NaN	NaN	NaN	NaN	NaN	NaN	NaN	NaN	NaN	NaN	NaN
2517	6.334667e+01	2.903900e+02	1.028752e+02	1.343190e+01	-2.349655e-01	-1.077371e+00	3.143152e-01	NaN	NaN	NaN	NaN	NaN	NaN	NaN	NaN	NaN	NaN	NaN
2518	6.336413e+01	3.711433e+02	1.367773e+02	1.322045e+01	1.225907e-01	-9.364069e-01	2.409750e-01	NaN	NaN	NaN	NaN	NaN	NaN	NaN	NaN	NaN	NaN	NaN
2519	6.338198e+01	1.547933e+02	4.950388e+01	1.343190e+01	-7.355432e-01	-9.364069e-01	-2.724064e-01	NaN	NaN	NaN	NaN	NaN	NaN	NaN	NaN	NaN	NaN	NaN
2520	6.339930e+01	1.348617e+02	5.208060e+01	1.336142e+01	-2.349655e-01	-1.359300e+00	-4.190869e-01	NaN	NaN	NaN	NaN	NaN	NaN	NaN	NaN	NaN	NaN	NaN
2521	6.341732e+01	3.730476e+02	1.424119e+02	1.350238e+01	-2.043164e-02	-1.218335e+00	3.876554e-01	NaN	NaN	NaN	NaN	NaN	NaN	NaN	NaN	NaN	NaN	NaN
2522	6.343540e+01	1.512130e+02	6.213585e+01	1.336142e+01	-2.043164e-02	-1.500265e+00	-1.990663e-01	NaN	NaN	NaN	NaN	NaN	NaN	NaN	NaN	NaN	NaN	NaN
2523	6.345299e+01	1.512130e+02	6.213585e+01	1.336142e+01	-2.043164e-02	-1.500265e+00	-1.990663e-01	NaN	NaN	NaN	NaN	NaN	NaN	NaN	NaN	NaN	NaN	NaN
2524	6.346987e+01	1.246569e+02	4.350094e+01	1.300901e+01	-5.210097e-01	-1.359300e+00	1.676348e-01	NaN	NaN	NaN	NaN	NaN	NaN	NaN	NaN	NaN	NaN	NaN
2525	6.348723e+01	1.246569e+02	4.350094e+01	1.300901e+01	-5.210097e-01	-1.359300e+00	1.676348e-01	NaN	NaN	NaN	NaN	NaN	NaN	NaN	NaN	NaN	NaN	NaN
2526	6.350436e+01	9.707437e+01	3.103304e+01	1.181081e+01	-1.634544e-01	-1.006889e+00	3.876554e-01	NaN	NaN	NaN	NaN	NaN	NaN	NaN	NaN	NaN	NaN	NaN
2527	6.352197e+01	6.149593e+01	1.615034e+01	1.082406e+01	-3.779874e-01	-7.249599e-01	2.095433e-02	NaN	NaN	NaN	NaN	NaN	NaN	NaN	NaN	NaN	NaN	NaN
2528	6.353920e+01	3.989104e+01	9.764855e+00	9.766823e+00	-3.779874e-01	-1.006889e+00	2.409750e-01	NaN	NaN	NaN	NaN	NaN	NaN	NaN	NaN	NaN	NaN	NaN
2529	6.355628e+01	3.537125e+01	8.867439e+00	9.907787e+00	-8.070547e-01	-1.359300e+00	2.095433e-02	NaN	NaN	NaN	NaN	NaN	NaN	NaN	NaN	NaN	NaN	NaN
2530	6.357354e+01	8.222033e+01	2.998461e+01	1.216322e+01	-2.349655e-01	-1.429782e+00	2.095433e-02	NaN	NaN	NaN	NaN	NaN	NaN	NaN	NaN	NaN	NaN	NaN
2531	6.359087e+01	1.173408e+02	4.442715e+01	1.251563e+01	5.107951e-02	-1.218335e+00	-5.238585e-02	NaN	NaN	NaN	NaN	NaN	NaN	NaN	NaN	NaN	NaN	NaN
2532	6.360849e+01	1.786564e+02	5.911019e+01	1.307949e+01	-3.779874e-01	-9.364069e-01	9.429451e-02	NaN	NaN	NaN	NaN	NaN	NaN	NaN	NaN	NaN	NaN	NaN
2533	6.362691e+01	8.561210e+02	3.001499e+02	1.434817e+01	-5.210097e-01	-1.077371e+00	2.409750e-01	NaN	NaN	NaN	NaN	NaN	NaN	NaN	NaN	NaN	NaN	NaN
2534	6.364421e+01	1.098483e+03	4.144174e+02	1.484154e+01	-5.925209e-01	-1.429782e+00	2.409750e-01	NaN	NaN	NaN	NaN	NaN	NaN	NaN	NaN	NaN	NaN	NaN
2535	6.366151e+01	-4.765407e+02	-1.929310e+02	1.540540e+01	-9.194279e-02	-1.147854e+00	-1.990663e-01	NaN	NaN	NaN	NaN	NaN	NaN	NaN	NaN	NaN	NaN	NaN
2536	6.367911e+01	-1.710880e+02	-6.927357e+01	1.575781e+01	1.225907e-01	-9.364069e-01	1.676348e-01	NaN	NaN	NaN	NaN	NaN	NaN	NaN	NaN	NaN	NaN	NaN
2537	6.369687e+01	-1.940743e+02	-7.769264e+01	1.603974e+01	-9.194279e-02	-1.006889e+00	2.095433e-02	NaN	NaN	NaN	NaN	NaN	NaN	NaN	NaN	NaN	NaN	NaN
2538	6.371453e+01	-2.611982e+02	-9.914577e+01	1.540540e+01	-2.349655e-01	-1.006889e+00	3.143152e-01	NaN	NaN	NaN	NaN	NaN	NaN	NaN	NaN	NaN	NaN	NaN
2539	6.373188e+01	-2.611982e+02	-9.914577e+01	1.540540e+01	-2.349655e-01	-1.006889e+00	3.143152e-01	NaN	NaN	NaN	NaN	NaN	NaN	NaN	NaN	NaN	NaN	NaN
2540	6.374889e+01	-6.490443e+02	-2.564632e+02	1.505299e+01	-2.349655e-01	-1.288818e+00	2.409750e-01	NaN	NaN	NaN	NaN	NaN	NaN	NaN	NaN	NaN	NaN	NaN
2541	6.376543e+01	-3.283680e+02	-1.219978e+02	1.519395e+01	-1.634544e-01	-7.954420e-01	2.095433e-02	NaN	NaN	NaN	NaN	NaN	NaN	NaN	NaN	NaN	NaN	NaN
2542	6.378160e+01	-3.283680e+02	-1.219978e+02	1.519395e+01	-1.634544e-01	-7.954420e-01	2.095433e-02	NaN	NaN	NaN	NaN	NaN	NaN	NaN	NaN	NaN	NaN	NaN
2543	6.379776e+01	8.305818e+02	2.989135e+02	1.399576e+01	-2.349655e-01	-1.006889e+00	2.409750e-01	NaN	NaN	NaN	NaN	NaN	NaN	NaN	NaN	NaN	NaN	NaN
2544	6.381438e+01	1.337353e+02	4.531665e+01	1.293852e+01	-3.779874e-01	-1.006889e+00	-1.990663e-01	NaN	NaN	NaN	NaN	NaN	NaN	NaN	NaN	NaN	NaN	NaN
2545	6.383067e+01	1.337353e+02	4.531665e+01	1.293852e+01	-3.779874e-01	-1.006889e+00	-1.990663e-01	NaN	NaN	NaN	NaN	NaN	NaN	NaN	NaN	NaN	NaN	NaN
2546	6.384686e+01	1.323072e+02	4.946150e+01	1.300901e+01	-2.349655e-01	-1.359300e+00	2.095433e-02	NaN	NaN	NaN	NaN	NaN	NaN	NaN	NaN	NaN	NaN	NaN
2547	6.386339e+01	1.323072e+02	4.946150e+01	1.300901e+01	-2.349655e-01	-1.359300e+00	2.095433e-02	NaN	NaN	NaN	NaN	NaN	NaN	NaN	NaN	NaN	NaN	NaN
2548	6.388004e+01	-8.408729e+02	-3.121841e+02	1.519395e+01	-4.494986e-01	-1.077371e+00	2.095433e-02	NaN	NaN	NaN	NaN	NaN	NaN	NaN	NaN	NaN	NaN	NaN
2549	6.389658e+01	-2.912474e+02	-1.181731e+02	1.618071e+01	-2.349655e-01	-1.147854e+00	-3.457467e-01	NaN	NaN	NaN	NaN	NaN	NaN	NaN	NaN	NaN	NaN	NaN
2550	6.391317e+01	-2.912474e+02	-1.181731e+02	1.618071e+01	-2.349655e-01	-1.147854e+00	-3.457467e-01	NaN	NaN	NaN	NaN	NaN	NaN	NaN	NaN	NaN	NaN	NaN
2551	6.392920e+01	-1.803592e+02	-7.438878e+01	1.632167e+01	-9.194279e-02	-1.147854e+00	2.095433e-02	NaN	NaN	NaN	NaN	NaN	NaN	NaN	NaN	NaN	NaN	NaN
2552	6.394531e+01	-1.422588e+02	-6.022865e+01	1.681505e+01	5.107951e-02	-1.077371e+00	-1.257260e-01	NaN	NaN	NaN	NaN	NaN	NaN	NaN	NaN	NaN	NaN	NaN
2553	6.396301e+01	-3.902675e+02	-1.666537e+02	1.568733e+01	-2.043164e-02	-1.359300e+00	-1.990663e-01	NaN	NaN	NaN	NaN	NaN	NaN	NaN	NaN	NaN	NaN	NaN
2554	6.397929e+01	4.597248e+03	1.793383e+03	1.498251e+01	-3.064763e-01	-1.218335e+00	-1.990663e-01	NaN	NaN	NaN	NaN	NaN	NaN	NaN	NaN	NaN	NaN	NaN
2555	6.399554e+01	4.597248e+03	1.793383e+03	1.498251e+01	-3.064763e-01	-1.218335e+00	-1.990663e-01	NaN	NaN	NaN	NaN	NaN	NaN	NaN	NaN	NaN	NaN	NaN
2556	6.401178e+01	4.759540e+02	1.655666e+02	1.329093e+01	-9.194279e-02	-9.364069e-01	5.343358e-01	NaN	NaN	NaN	NaN	NaN	NaN	NaN	NaN	NaN	NaN	NaN
2557	6.402791e+01	1.106005e+03	3.719244e+02	1.441865e+01	-6.640320e-01	-1.006889e+00	3.143152e-01	NaN	NaN	NaN	NaN	NaN	NaN	NaN	NaN	NaN	NaN	NaN
2558	6.404399e+01	-1.822357e+02	-7.205437e+01	1.526444e+01	1.225907e-01	-9.364069e-01	4.609956e-01	NaN	NaN	NaN	NaN	NaN	NaN	NaN	NaN	NaN	NaN	NaN
2559	6.406036e+01	-1.822357e+02	-7.205437e+01	1.526444e+01	1.225907e-01	-9.364069e-01	4.609956e-01	NaN	NaN	NaN	NaN	NaN	NaN	NaN	NaN	NaN	NaN	NaN
2560	6.407635e+01	-1.785796e+02	-7.150156e+01	1.603974e+01	-2.043164e-02	-9.364069e-01	2.095433e-02	NaN	NaN	NaN	NaN	NaN	NaN	NaN	NaN	NaN	NaN	NaN
2561	6.409277e+01	3.545791e+02	1.358151e+02	1.378431e+01	-2.043164e-02	-1.077371e+00	-1.257260e-01	NaN	NaN	NaN	NaN	NaN	NaN	NaN	NaN	NaN	NaN	NaN
2562	6.410907e+01	3.545791e+02	1.358151e+02	1.378431e+01	-2.043164e-02	-1.077371e+00	-1.257260e-01	NaN	NaN	NaN	NaN	NaN	NaN	NaN	NaN	NaN	NaN	NaN
2563	6.412502e+01	4.109311e+01	1.159365e+01	9.907787e+00	-1.634544e-01	-9.364069e-01	-3.457467e-01	NaN	NaN	NaN	NaN	NaN	NaN	NaN	NaN	NaN	NaN	NaN
2564	6.414127e+01	3.538224e+01	8.776773e+00	9.414412e+00	-3.064763e-01	-9.364069e-01	-1.990663e-01	NaN	NaN	NaN	NaN	NaN	NaN	NaN	NaN	NaN	NaN	NaN
2565	6.415730e+01	3.538224e+01	8.776773e+00	9.414412e+00	-3.064763e-01	-9.364069e-01	-1.990663e-01	NaN	NaN	NaN	NaN	NaN	NaN	NaN	NaN	NaN	NaN	NaN
2566	6.417334e+01	1.107387e+01	8.243093e-01	5.819818e+00	-2.043164e-02	-1.218335e+00	9.429451e-02	NaN	NaN	NaN	NaN	NaN	NaN	NaN	NaN	NaN	NaN	NaN
2567	6.418973e+01	1.107387e+01	8.243093e-01	5.819818e+00	-2.043164e-02	-1.218335e+00	9.429451e-02	NaN	NaN	NaN	NaN	NaN	NaN	NaN	NaN	NaN	NaN	NaN
2568	6.420607e+01	-3.096633e-02	-3.424489e+00	1.238474e+00	2.656130e-01	-1.077371e+00	-5.238585e-02	NaN	NaN	NaN	NaN	NaN	NaN	NaN	NaN	NaN	NaN	NaN
2569	6.422232e+01	-3.096633e-02	-3.424489e+00	1.238474e+00	2.656130e-01	-1.077371e+00	-5.238585e-02	NaN	NaN	NaN	NaN	NaN	NaN	NaN	NaN	NaN	NaN	NaN
2570	6.425283e+01	-1.981085e+00	-4.065848e+00	-2.416533e-01	-2.043164e-02	-1.359300e+00	-1.257260e-01	NaN	NaN	NaN	NaN	NaN	NaN	NaN	NaN	NaN	NaN	NaN
2571	6.427527e+01	-1.184860e+00	-4.310536e+00	1.107578e-01	1.941018e-01	-8.659245e-01	-1.257260e-01	NaN	NaN	NaN	NaN	NaN	NaN	NaN	NaN	NaN	NaN	NaN
2572	6.429484e+01	-5.665938e-01	-4.195024e+00	-3.121352e-01	-2.349655e-01	-9.364069e-01	-5.657672e-01	NaN	NaN	NaN	NaN	NaN	NaN	NaN	NaN	NaN	NaN	NaN
2573	6.433312e+01	-1.429208e+00	-3.371263e+00	3.926866e-01	5.107951e-02	-1.570747e+00	-1.990663e-01	NaN	NaN	NaN	NaN	NaN	NaN	NaN	NaN	NaN	NaN	NaN
2574	6.435337e+01	-4.461477e-01	-3.944842e+00	5.336512e-01	1.225907e-01	-9.364069e-01	-1.990663e-01	NaN	NaN	NaN	NaN	NaN	NaN	NaN	NaN	NaN	NaN	NaN
2575	6.436865e+01	-2.258521e+00	-4.195869e+00	-3.020641e-02	-2.043164e-02	-1.429782e+00	1.676348e-01	NaN	NaN	NaN	NaN	NaN	NaN	NaN	NaN	NaN	NaN	NaN
2576	6.439629e+01	-8.707064e-01	-4.393564e+00	1.812401e-01	1.225907e-01	-7.954420e-01	-1.257260e-01	NaN	NaN	NaN	NaN	NaN	NaN	NaN	NaN	NaN	NaN	NaN
2577	6.443006e+01	-1.182912e+00	-4.642312e+00	1.812401e-01	-1.634544e-01	-1.006889e+00	1.676348e-01	NaN	NaN	NaN	NaN	NaN	NaN	NaN	NaN	NaN	NaN	NaN
2578	6.444806e+01	-1.353451e+00	-3.876731e+00	-1.006891e-01	-2.349655e-01	-1.429782e+00	-2.724064e-01	NaN	NaN	NaN	NaN	NaN	NaN	NaN	NaN	NaN	NaN	NaN
2579	6.448671e+01	-8.251626e-01	-3.518149e+00	4.631693e-01	-2.043164e-02	-1.359300e+00	-2.724064e-01	NaN	NaN	NaN	NaN	NaN	NaN	NaN	NaN	NaN	NaN	NaN
2580	6.450172e+01	-1.902798e+00	-3.258702e+00	1.107578e-01	2.656130e-01	-1.570747e+00	-3.457467e-01	NaN	NaN	NaN	NaN	NaN	NaN	NaN	NaN	NaN	NaN	NaN
2581	6.452365e+01	-1.039031e+00	-4.578002e+00	-3.020641e-02	-1.634544e-01	-9.364069e-01	-5.238585e-02	NaN	NaN	NaN	NaN	NaN	NaN	NaN	NaN	NaN	NaN	NaN
2582	6.455418e+01	-1.184860e+00	-4.189803e+00	1.812401e-01	1.941018e-01	-9.364069e-01	-1.257260e-01	NaN	NaN	NaN	NaN	NaN	NaN	NaN	NaN	NaN	NaN	NaN
2583	6.457533e+01	-2.129730e+00	-4.926471e+00	-1.006891e-01	-9.194279e-02	-1.077371e+00	3.876554e-01	NaN	NaN	NaN	NaN	NaN	NaN	NaN	NaN	NaN	NaN	NaN
2584	6.459816e+01	-6.961867e-01	-3.600019e+00	2.517224e-01	-9.194279e-02	-1.288818e+00	-4.190869e-01	NaN	NaN	NaN	NaN	NaN	NaN	NaN	NaN	NaN	NaN	NaN
2585	6.464171e+01	-2.607491e+00	-4.318142e+00	-1.006891e-01	1.225907e-01	-1.359300e+00	2.409750e-01	NaN	NaN	NaN	NaN	NaN	NaN	NaN	NaN	NaN	NaN	NaN
2586	6.467130e+01	-5.698937e-01	-3.853696e+00	5.336512e-01	4.086353e-01	-7.954420e-01	-2.724064e-01	NaN	NaN	NaN	NaN	NaN	NaN	NaN	NaN	NaN	NaN	NaN
2587	6.469827e+01	-1.366994e+00	-4.226070e+00	4.027549e-02	1.225907e-01	-1.006889e+00	-1.257260e-01	NaN	NaN	NaN	NaN	NaN	NaN	NaN	NaN	NaN	NaN	NaN
2588	6.471868e+01	-1.045192e+00	-3.908338e+00	2.517224e-01	5.107951e-02	-1.147854e+00	-1.990663e-01	NaN	NaN	NaN	NaN	NaN	NaN	NaN	NaN	NaN	NaN	NaN
2589	6.474028e+01	-1.781106e+00	-4.500945e+00	2.517224e-01	1.941018e-01	-1.006889e+00	2.409750e-01	NaN	NaN	NaN	NaN	NaN	NaN	NaN	NaN	NaN	NaN	NaN
2590	6.475911e+01	-1.228357e+00	-4.068306e+00	1.107578e-01	-9.194279e-02	-1.218335e+00	-1.257260e-01	NaN	NaN	NaN	NaN	NaN	NaN	NaN	NaN	NaN	NaN	NaN
2591	6.477755e+01	-1.834397e+00	-4.390069e+00	4.027549e-02	-3.064763e-01	-1.429782e+00	2.409750e-01	NaN	NaN	NaN	NaN	NaN	NaN	NaN	NaN	NaN	NaN	NaN
2592	6.479597e+01	-8.048084e-01	-4.162658e+00	-2.416533e-01	1.941018e-01	-7.249599e-01	-5.657672e-01	NaN	NaN	NaN	NaN	NaN	NaN	NaN	NaN	NaN	NaN	NaN
2593	6.483603e+01	-1.672786e+00	-3.876902e+00	-1.006891e-01	-9.194279e-02	-1.429782e+00	-1.990663e-01	NaN	NaN	NaN	NaN	NaN	NaN	NaN	NaN	NaN	NaN	NaN
2594	6.486966e+01	-9.286490e-01	-5.041792e+00	-1.006891e-01	-5.210097e-01	-9.364069e-01	1.676348e-01	NaN	NaN	NaN	NaN	NaN	NaN	NaN	NaN	NaN	NaN	NaN
2595	6.489217e+01	-9.524387e-01	-4.349334e+00	1.812401e-01	-9.194279e-02	-1.006889e+00	-5.238585e-02	NaN	NaN	NaN	NaN	NaN	NaN	NaN	NaN	NaN	NaN	NaN
2596	6.491100e+01	-4.847957e-03	-4.378190e+00	2.517224e-01	-2.349655e-01	-7.954420e-01	-2.724064e-01	NaN	NaN	NaN	NaN	NaN	NaN	NaN	NaN	NaN	NaN	NaN
2597	6.492935e+01	-1.875865e+00	-4.494846e+00	-3.826179e-01	3.371241e-01	-7.954420e-01	-1.990663e-01	NaN	NaN	NaN	NaN	NaN	NaN	NaN	NaN	NaN	NaN	NaN
2598	6.494743e+01	3.164768e-03	-3.896272e+00	3.222043e-01	-2.043164e-02	-8.659245e-01	-4.924271e-01	NaN	NaN	NaN	NaN	NaN	NaN	NaN	NaN	NaN	NaN	NaN
2599	6.499165e+01	-1.509748e+00	-3.295841e+00	5.336512e-01	4.086353e-01	-1.359300e+00	-1.990663e-01	NaN	NaN	NaN	NaN	NaN	NaN	NaN	NaN	NaN	NaN	NaN
2600	6.502366e+01	-9.048316e-01	-3.837761e+00	2.517224e-01	-2.349655e-01	-1.359300e+00	-1.990663e-01	NaN	NaN	NaN	NaN	NaN	NaN	NaN	NaN	NaN	NaN	NaN
2601	6.504232e+01	-9.048316e-01	-3.837761e+00	2.517224e-01	-2.349655e-01	-1.359300e+00	-1.990663e-01	NaN	NaN	NaN	NaN	NaN	NaN	NaN	NaN	NaN	NaN	NaN
2602	6.506031e+01	-5.775048e-01	-3.259913e+00	2.517224e-01	-2.043164e-02	-1.359300e+00	-6.391075e-01	NaN	NaN	NaN	NaN	NaN	NaN	NaN	NaN	NaN	NaN	NaN
2603	6.507781e+01	-1.206867e+00	-3.790493e+00	4.027549e-02	5.107951e-02	-1.218335e+00	-3.457467e-01	NaN	NaN	NaN	NaN	NaN	NaN	NaN	NaN	NaN	NaN	NaN
2604	6.509681e+01	-1.610594e+00	-4.529408e+00	2.517224e-01	-1.634544e-01	-1.218335e+00	3.143152e-01	NaN	NaN	NaN	NaN	NaN	NaN	NaN	NaN	NaN	NaN	NaN
2605	6.513781e+01	-2.102979e+00	-4.704773e+00	3.926866e-01	3.371241e-01	-9.364069e-01	4.609956e-01	NaN	NaN	NaN	NaN	NaN	NaN	NaN	NaN	NaN	NaN	NaN
2606	6.516613e+01	-1.281164e+00	-4.916774e+00	-3.020641e-02	-1.634544e-01	-8.659245e-01	1.676348e-01	NaN	NaN	NaN	NaN	NaN	NaN	NaN	NaN	NaN	NaN	NaN
2607	6.518176e+01	4.076291e-01	-4.019925e+00	3.926866e-01	-4.494986e-01	-1.006889e+00	-4.190869e-01	NaN	NaN	NaN	NaN	NaN	NaN	NaN	NaN	NaN	NaN	NaN
2608	6.519699e+01	-7.741656e-01	-4.362790e+00	3.926866e-01	-2.043164e-02	-9.364069e-01	2.095433e-02	NaN	NaN	NaN	NaN	NaN	NaN	NaN	NaN	NaN	NaN	NaN
2609	6.523776e+01	-1.375583e+00	-4.355875e+00	1.812401e-01	-9.194279e-02	-1.147854e+00	9.429451e-02	NaN	NaN	NaN	NaN	NaN	NaN	NaN	NaN	NaN	NaN	NaN
2610	6.525986e+01	-1.375583e+00	-4.355875e+00	1.812401e-01	-9.194279e-02	-1.147854e+00	9.429451e-02	NaN	NaN	NaN	NaN	NaN	NaN	NaN	NaN	NaN	NaN	NaN
2611	6.527467e+01	-7.499530e-01	-3.910770e+00	4.631693e-01	-2.043164e-02	-1.147854e+00	-1.257260e-01	NaN	NaN	NaN	NaN	NaN	NaN	NaN	NaN	NaN	NaN	NaN
2612	6.531453e+01	-6.514261e-01	-4.594817e+00	1.812401e-01	-9.194279e-02	-7.954420e-01	-5.238585e-02	NaN	NaN	NaN	NaN	NaN	NaN	NaN	NaN	NaN	NaN	NaN
2613	6.533673e+01	-1.213196e+00	-4.983731e+00	1.107578e-01	-9.194279e-02	-7.954420e-01	2.409750e-01	NaN	NaN	NaN	NaN	NaN	NaN	NaN	NaN	NaN	NaN	NaN
2614	6.535151e+01	-2.290954e+00	-4.597623e+00	-3.020641e-02	-1.634544e-01	-1.359300e+00	3.876554e-01	NaN	NaN	NaN	NaN	NaN	NaN	NaN	NaN	NaN	NaN	NaN
2615	6.536686e+01	-2.290954e+00	-4.597623e+00	-3.020641e-02	-1.634544e-01	-1.359300e+00	3.876554e-01	NaN	NaN	NaN	NaN	NaN	NaN	NaN	NaN	NaN	NaN	NaN
2616	6.539488e+01	-1.618523e+00	-4.028977e+00	-3.020641e-02	-2.043164e-02	-1.288818e+00	-1.257260e-01	NaN	NaN	NaN	NaN	NaN	NaN	NaN	NaN	NaN	NaN	NaN
2617	6.543228e+01	-1.348129e+00	-3.979825e+00	-3.121352e-01	-9.194279e-02	-1.218335e+00	-4.190869e-01	NaN	NaN	NaN	NaN	NaN	NaN	NaN	NaN	NaN	NaN	NaN
2618	6.545460e+01	-2.226737e+00	-4.374218e+00	-3.826179e-01	1.225907e-01	-1.147854e+00	-5.238585e-02	NaN	NaN	NaN	NaN	NaN	NaN	NaN	NaN	NaN	NaN	NaN
2619	6.547167e+01	-1.776971e+00	-4.316552e+00	1.107578e-01	-9.194279e-02	-1.288818e+00	1.676348e-01	NaN	NaN	NaN	NaN	NaN	NaN	NaN	NaN	NaN	NaN	NaN
2620	6.550401e+01	-1.079253e+00	-3.763357e+00	1.107578e-01	-2.349655e-01	-1.429782e+00	-2.724064e-01	NaN	NaN	NaN	NaN	NaN	NaN	NaN	NaN	NaN	NaN	NaN
2621	6.552680e+01	-8.725348e-01	-3.935838e+00	2.517224e-01	4.086353e-01	-7.954420e-01	-3.457467e-01	NaN	NaN	NaN	NaN	NaN	NaN	NaN	NaN	NaN	NaN	NaN
2622	6.554471e+01	-6.624146e-01	-3.686444e+00	4.027549e-02	-3.064763e-01	-1.359300e+00	-4.924271e-01	NaN	NaN	NaN	NaN	NaN	NaN	NaN	NaN	NaN	NaN	NaN
2623	6.559476e+01	-6.908063e-01	-4.021054e+00	4.027549e-02	-2.349655e-01	-1.147854e+00	-3.457467e-01	NaN	NaN	NaN	NaN	NaN	NaN	NaN	NaN	NaN	NaN	NaN
2624	6.561383e+01	-8.474773e-01	-4.065961e+00	2.517224e-01	5.107951e-02	-1.006889e+00	-1.990663e-01	NaN	NaN	NaN	NaN	NaN	NaN	NaN	NaN	NaN	NaN	NaN
2625	6.563041e+01	-1.149325e+00	-4.086092e+00	6.746158e-01	1.941018e-01	-1.077371e+00	1.676348e-01	NaN	NaN	NaN	NaN	NaN	NaN	NaN	NaN	NaN	NaN	NaN
2626	6.564585e+01	-1.149325e+00	-4.086092e+00	6.746158e-01	1.941018e-01	-1.077371e+00	1.676348e-01	NaN	NaN	NaN	NaN	NaN	NaN	NaN	NaN	NaN	NaN	NaN
2627	6.567420e+01	-2.064044e+00	-3.760560e+00	-2.416533e-01	1.225907e-01	-1.429782e+00	-2.724064e-01	NaN	NaN	NaN	NaN	NaN	NaN	NaN	NaN	NaN	NaN	NaN
2628	6.571241e+01	-1.604746e+00	-4.760843e+00	-3.020641e-02	-2.043164e-02	-9.364069e-01	1.676348e-01	NaN	NaN	NaN	NaN	NaN	NaN	NaN	NaN	NaN	NaN	NaN
2629	6.573234e+01	-2.693959e+00	-4.235018e+00	-1.711710e-01	1.941018e-01	-1.359300e+00	1.676348e-01	NaN	NaN	NaN	NaN	NaN	NaN	NaN	NaN	NaN	NaN	NaN
2630	6.575075e+01	-1.059233e+00	-4.633908e+00	1.812401e-01	-3.064763e-01	-1.077371e+00	1.676348e-01	NaN	NaN	NaN	NaN	NaN	NaN	NaN	NaN	NaN	NaN	NaN
2631	6.576715e+01	-8.502873e-01	-4.783243e+00	-1.006891e-01	-2.043164e-02	-6.544776e-01	-1.257260e-01	NaN	NaN	NaN	NaN	NaN	NaN	NaN	NaN	NaN	NaN	NaN
2632	6.579870e+01	-1.051474e+00	-3.701159e+00	2.517224e-01	2.656130e-01	-1.077371e+00	-3.457467e-01	NaN	NaN	NaN	NaN	NaN	NaN	NaN	NaN	NaN	NaN	NaN
2633	6.583540e+01	-1.187756e+00	-4.314429e+00	1.812401e-01	1.225907e-01	-9.364069e-01	-5.238585e-02	NaN	NaN	NaN	NaN	NaN	NaN	NaN	NaN	NaN	NaN	NaN
2634	6.585701e+01	-7.465574e-01	-4.590403e+00	1.812401e-01	-2.349655e-01	-9.364069e-01	2.095433e-02	NaN	NaN	NaN	NaN	NaN	NaN	NaN	NaN	NaN	NaN	NaN
2635	6.587417e+01	3.058210e-01	-4.426033e+00	-3.020641e-02	-5.210097e-01	-7.954420e-01	-4.924271e-01	NaN	NaN	NaN	NaN	NaN	NaN	NaN	NaN	NaN	NaN	NaN
2636	6.590590e+01	-3.849425e-01	-3.743242e+00	4.027549e-02	-2.043164e-02	-1.006889e+00	-6.391075e-01	NaN	NaN	NaN	NaN	NaN	NaN	NaN	NaN	NaN	NaN	NaN
2637	6.592850e+01	-6.202733e-01	-4.535517e+00	1.107578e-01	-3.779874e-01	-1.006889e+00	-5.238585e-02	NaN	NaN	NaN	NaN	NaN	NaN	NaN	NaN	NaN	NaN	NaN
2638	6.594582e+01	-7.735641e-01	-3.881860e+00	1.812401e-01	-5.210097e-01	-1.500265e+00	-1.990663e-01	NaN	NaN	NaN	NaN	NaN	NaN	NaN	NaN	NaN	NaN	NaN
2639	6.598757e+01	-6.148751e-01	-3.950853e+00	3.222043e-01	-2.349655e-01	-1.218335e+00	-1.990663e-01	NaN	NaN	NaN	NaN	NaN	NaN	NaN	NaN	NaN	NaN	NaN
2640	6.600737e+01	-1.371658e+00	-5.442109e+00	1.812401e-01	-1.634544e-01	-7.249599e-01	5.343358e-01	NaN	NaN	NaN	NaN	NaN	NaN	NaN	NaN	NaN	NaN	NaN
2641	6.602190e+01	-1.371658e+00	-5.442109e+00	1.812401e-01	-1.634544e-01	-7.249599e-01	5.343358e-01	NaN	NaN	NaN	NaN	NaN	NaN	NaN	NaN	NaN	NaN	NaN
2642	6.605368e+01	-1.922725e+00	-4.471398e+00	1.812401e-01	-9.194279e-02	-1.006889e+00	9.429451e-02	NaN	NaN	NaN	NaN	NaN	NaN	NaN	NaN	NaN	NaN	NaN
2643	6.607357e+01	-3.468677e-01	-4.733809e+00	3.926866e-01	-2.349655e-01	-7.954420e-01	9.429451e-02	NaN	NaN	NaN	NaN	NaN	NaN	NaN	NaN	NaN	NaN	NaN
2644	6.611014e+01	-1.450346e+00	-4.110449e+00	1.107578e-01	-2.043164e-02	-1.218335e+00	-5.238585e-02	NaN	NaN	NaN	NaN	NaN	NaN	NaN	NaN	NaN	NaN	NaN
2645	6.612978e+01	-1.232772e+00	-4.824701e+00	4.027549e-02	2.656130e-01	-5.839955e-01	2.095433e-02	NaN	NaN	NaN	NaN	NaN	NaN	NaN	NaN	NaN	NaN	NaN
2646	6.614489e+01	-6.175734e-01	-4.647215e+00	-3.020641e-02	-3.064763e-01	-8.659245e-01	-1.257260e-01	NaN	NaN	NaN	NaN	NaN	NaN	NaN	NaN	NaN	NaN	NaN
2647	6.617507e+01	-6.196568e-01	-4.101490e+00	1.812401e-01	-9.194279e-02	-1.006889e+00	-2.724064e-01	NaN	NaN	NaN	NaN	NaN	NaN	NaN	NaN	NaN	NaN	NaN
2648	6.619637e+01	-2.263893e+00	-3.763534e+00	-2.416533e-01	1.225907e-01	-1.500265e+00	-1.990663e-01	NaN	NaN	NaN	NaN	NaN	NaN	NaN	NaN	NaN	NaN	NaN
2649	6.623481e+01	-1.703843e+00	-4.800639e+00	-3.020641e-02	-9.194279e-02	-1.006889e+00	2.409750e-01	NaN	NaN	NaN	NaN	NaN	NaN	NaN	NaN	NaN	NaN	NaN
2650	6.625417e+01	-1.234373e-01	-4.800073e+00	2.517224e-01	-2.349655e-01	-6.544776e-01	-5.238585e-02	NaN	NaN	NaN	NaN	NaN	NaN	NaN	NaN	NaN	NaN	NaN
2651	6.626932e+01	-9.968185e-01	-4.749104e+00	-1.711710e-01	-5.210097e-01	-1.077371e+00	2.095433e-02	NaN	NaN	NaN	NaN	NaN	NaN	NaN	NaN	NaN	NaN	NaN
2652	6.630047e+01	1.939001e+00	-6.974526e+00	3.926866e-01	-2.043164e-02	8.256490e-01	1.676348e-01	NaN	NaN	NaN	NaN	NaN	NaN	NaN	NaN	NaN	NaN	NaN
2653	6.632309e+01	2.678785e+00	-6.437117e+00	2.517224e-01	2.656130e-01	1.107578e+00	-4.190869e-01	NaN	NaN	NaN	NaN	NaN	NaN	NaN	NaN	NaN	NaN	NaN
2654	6.636009e+01	1.944831e+00	-7.530239e+00	-3.020641e-02	1.225907e-01	1.248542e+00	2.095433e-02	NaN	NaN	NaN	NaN	NaN	NaN	NaN	NaN	NaN	NaN	NaN
2655	6.637937e+01	4.240082e+00	-8.228300e+00	1.107578e-01	3.371241e-01	2.094329e+00	-3.457467e-01	NaN	NaN	NaN	NaN	NaN	NaN	NaN	NaN	NaN	NaN	NaN
2656	6.639668e+01	1.180573e+01	-1.388142e+01	5.336512e-01	2.656130e-01	4.279278e+00	-1.257260e-01	NaN	NaN	NaN	NaN	NaN	NaN	NaN	NaN	NaN	NaN	NaN
2657	6.642479e+01	1.055106e+01	-1.684119e+01	-3.121352e-01	2.656130e-01	4.913618e+00	2.409750e-01	NaN	NaN	NaN	NaN	NaN	NaN	NaN	NaN	NaN	NaN	NaN
2658	6.644463e+01	1.429274e+01	-1.606439e+01	-3.020641e-02	5.107951e-02	5.336511e+00	-4.190869e-01	NaN	NaN	NaN	NaN	NaN	NaN	NaN	NaN	NaN	NaN	NaN
2659	6.648117e+01	1.429274e+01	-1.606439e+01	-3.020641e-02	5.107951e-02	5.336511e+00	-4.190869e-01	NaN	NaN	NaN	NaN	NaN	NaN	NaN	NaN	NaN	NaN	NaN
2660	6.650264e+01	1.583784e+01	-1.774320e+01	3.222043e-01	2.656130e-01	5.406994e+00	-1.257260e-01	NaN	NaN	NaN	NaN	NaN	NaN	NaN	NaN	NaN	NaN	NaN
2661	6.652073e+01	1.659203e+01	-2.007634e+01	-3.121352e-01	2.656130e-01	6.182298e+00	-1.990663e-01	NaN	NaN	NaN	NaN	NaN	NaN	NaN	NaN	NaN	NaN	NaN
2662	6.655030e+01	2.423359e+01	-2.604014e+01	-4.530998e-01	1.225907e-01	7.591943e+00	-3.457467e-01	NaN	NaN	NaN	NaN	NaN	NaN	NaN	NaN	NaN	NaN	NaN
2663	6.657052e+01	5.974435e+01	-5.398328e+01	-3.020641e-02	1.941018e-01	9.917856e+00	-2.724064e-01	NaN	NaN	NaN	NaN	NaN	NaN	NaN	NaN	NaN	NaN	NaN
2664	6.661089e+01	-3.092756e+02	2.624529e+02	2.517224e-01	4.086353e-01	1.330100e+01	2.409750e-01	NaN	NaN	NaN	NaN	NaN	NaN	NaN	NaN	NaN	NaN	NaN
2665	6.663061e+01	-3.079589e+02	2.527093e+02	-1.711710e-01	-2.043164e-02	1.464017e+01	-1.257260e-01	NaN	NaN	NaN	NaN	NaN	NaN	NaN	NaN	NaN	NaN	NaN
2666	6.664795e+01	-1.473801e+02	1.169700e+02	-1.006891e-01	6.231687e-01	1.527451e+01	-3.457467e-01	NaN	NaN	NaN	NaN	NaN	NaN	NaN	NaN	NaN	NaN	NaN
2667	6.668976e+01	-1.056267e+02	8.091230e+01	-1.006891e-01	1.941018e-01	1.696608e+01	-3.457467e-01	NaN	NaN	NaN	NaN	NaN	NaN	NaN	NaN	NaN	NaN	NaN
2668	6.670654e+01	-9.811108e+01	7.644144e+01	-1.006891e-01	5.107951e-02	1.717753e+01	-1.257260e-01	NaN	NaN	NaN	NaN	NaN	NaN	NaN	NaN	NaN	NaN	NaN
2669	6.672290e+01	-5.974086e+01	4.556364e+01	-2.416533e-01	4.801468e-01	2.006730e+01	-1.257260e-01	NaN	NaN	NaN	NaN	NaN	NaN	NaN	NaN	NaN	NaN	NaN
2670	6.675165e+01	-5.178130e+01	3.674832e+01	1.812401e-01	8.377022e-01	2.126549e+01	-4.190869e-01	NaN	NaN	NaN	NaN	NaN	NaN	NaN	NaN	NaN	NaN	NaN
2671	6.677316e+01	-4.595269e+01	3.306632e+01	3.222043e-01	6.946799e-01	2.232273e+01	2.095433e-02	NaN	NaN	NaN	NaN	NaN	NaN	NaN	NaN	NaN	NaN	NaN
2672	6.681457e+01	-4.545497e+01	3.341402e+01	1.812401e-01	6.231687e-01	2.246369e+01	1.676348e-01	NaN	NaN	NaN	NaN	NaN	NaN	NaN	NaN	NaN	NaN	NaN
2673	6.683274e+01	-4.430424e+01	3.184041e+01	3.222043e-01	6.231687e-01	2.302755e+01	9.429451e-02	NaN	NaN	NaN	NaN	NaN	NaN	NaN	NaN	NaN	NaN	NaN
2674	6.684948e+01	-4.430424e+01	3.184041e+01	3.222043e-01	6.231687e-01	2.302755e+01	9.429451e-02	NaN	NaN	NaN	NaN	NaN	NaN	NaN	NaN	NaN	NaN	NaN
2675	6.688468e+01	-4.765249e+01	3.463147e+01	-3.826179e-01	6.946799e-01	2.352093e+01	-4.190869e-01	NaN	NaN	NaN	NaN	NaN	NaN	NaN	NaN	NaN	NaN	NaN
2676	6.690461e+01	-3.906604e+01	2.692756e+01	1.812401e-01	9.092134e-01	2.655166e+01	-2.724064e-01	NaN	NaN	NaN	NaN	NaN	NaN	NaN	NaN	NaN	NaN	NaN
2677	6.692100e+01	-3.674039e+01	2.574804e+01	-2.416533e-01	1.052236e+00	2.852516e+01	-2.724064e-01	NaN	NaN	NaN	NaN	NaN	NaN	NaN	NaN	NaN	NaN	NaN
2678	6.695203e+01	-3.366137e+01	2.347079e+01	1.107578e-01	8.377022e-01	3.071011e+01	2.409750e-01	NaN	NaN	NaN	NaN	NaN	NaN	NaN	NaN	NaN	NaN	NaN
2679	6.697506e+01	-3.243924e+01	2.201451e+01	1.107578e-01	9.092134e-01	3.338844e+01	2.095433e-02	NaN	NaN	NaN	NaN	NaN	NaN	NaN	NaN	NaN	NaN	NaN
2680	6.699288e+01	-3.389367e+01	2.317059e+01	-2.416533e-01	4.801468e-01	3.381133e+01	-1.257260e-01	NaN	NaN	NaN	NaN	NaN	NaN	NaN	NaN	NaN	NaN	NaN
2681	6.703046e+01	-3.342587e+01	2.311385e+01	-2.416533e-01	6.231687e-01	3.331795e+01	2.095433e-02	NaN	NaN	NaN	NaN	NaN	NaN	NaN	NaN	NaN	NaN	NaN
2682	6.705145e+01	-3.469946e+01	2.301894e+01	2.517224e-01	7.661910e-01	3.183783e+01	-3.457467e-01	NaN	NaN	NaN	NaN	NaN	NaN	NaN	NaN	NaN	NaN	NaN
2683	6.706612e+01	-3.469946e+01	2.301894e+01	2.517224e-01	7.661910e-01	3.183783e+01	-3.457467e-01	NaN	NaN	NaN	NaN	NaN	NaN	NaN	NaN	NaN	NaN	NaN
2684	6.712033e+01	-4.259253e+01	3.085697e+01	-1.711710e-01	1.225907e-01	2.584684e+01	9.429451e-02	NaN	NaN	NaN	NaN	NaN	NaN	NaN	NaN	NaN	NaN	NaN
2685	6.714358e+01	-4.395829e+01	3.108035e+01	1.812401e-01	5.516576e-01	2.415527e+01	-1.257260e-01	NaN	NaN	NaN	NaN	NaN	NaN	NaN	NaN	NaN	NaN	NaN
2686	6.715836e+01	-5.103503e+01	3.764827e+01	-1.006891e-01	2.656130e-01	2.225225e+01	-5.238585e-02	NaN	NaN	NaN	NaN	NaN	NaN	NaN	NaN	NaN	NaN	NaN
2687	6.717316e+01	-5.820644e+01	4.429842e+01	1.107578e-01	-9.194279e-02	2.027874e+01	3.143152e-01	NaN	NaN	NaN	NaN	NaN	NaN	NaN	NaN	NaN	NaN	NaN
2688	6.720304e+01	-6.742684e+01	5.181792e+01	1.107578e-01	5.516576e-01	1.816428e+01	2.095433e-02	NaN	NaN	NaN	NaN	NaN	NaN	NaN	NaN	NaN	NaN	NaN
2689	6.722289e+01	-9.215099e+01	7.003094e+01	1.107578e-01	4.801468e-01	1.682511e+01	-2.724064e-01	NaN	NaN	NaN	NaN	NaN	NaN	NaN	NaN	NaN	NaN	NaN
2690	6.725863e+01	-1.080066e+02	8.574638e+01	4.027549e-02	4.086353e-01	1.597933e+01	-5.238585e-02	NaN	NaN	NaN	NaN	NaN	NaN	NaN	NaN	NaN	NaN	NaN
2691	6.727862e+01	-1.123876e+02	8.881606e+01	-3.020641e-02	5.516576e-01	1.590885e+01	-1.990663e-01	NaN	NaN	NaN	NaN	NaN	NaN	NaN	NaN	NaN	NaN	NaN
2692	6.729327e+01	-8.061598e+01	6.132230e+01	4.027549e-02	-9.194279e-02	1.823476e+01	-5.238585e-02	NaN	NaN	NaN	NaN	NaN	NaN	NaN	NaN	NaN	NaN	NaN
2693	6.732865e+01	-7.378755e+01	5.802036e+01	-4.530998e-01	-2.043164e-02	1.922151e+01	-5.238585e-02	NaN	NaN	NaN	NaN	NaN	NaN	NaN	NaN	NaN	NaN	NaN
2694	6.734843e+01	-6.038886e+01	4.533144e+01	-4.530998e-01	4.801468e-01	2.077212e+01	-4.190869e-01	NaN	NaN	NaN	NaN	NaN	NaN	NaN	NaN	NaN	NaN	NaN
2695	6.738403e+01	-5.178447e+01	3.807612e+01	-1.711710e-01	4.086353e-01	2.211128e+01	-1.990663e-01	NaN	NaN	NaN	NaN	NaN	NaN	NaN	NaN	NaN	NaN	NaN
2696	6.740500e+01	-4.191783e+01	3.166518e+01	-2.416533e-01	6.231687e-01	2.415527e+01	3.143152e-01	NaN	NaN	NaN	NaN	NaN	NaN	NaN	NaN	NaN	NaN	NaN
2697	6.742219e+01	-4.006240e+01	2.804752e+01	-3.020641e-02	1.266770e+00	2.535346e+01	-4.190869e-01	NaN	NaN	NaN	NaN	NaN	NaN	NaN	NaN	NaN	NaN	NaN
2698	6.745140e+01	-4.093472e+01	2.857071e+01	4.027549e-02	4.801468e-01	2.648118e+01	-1.990663e-01	NaN	NaN	NaN	NaN	NaN	NaN	NaN	NaN	NaN	NaN	NaN
2699	6.747297e+01	-4.288438e+01	3.012626e+01	-1.711710e-01	4.086353e-01	2.612877e+01	-3.457467e-01	NaN	NaN	NaN	NaN	NaN	NaN	NaN	NaN	NaN	NaN	NaN
2700	6.750967e+01	-4.153044e+01	2.992929e+01	-2.416533e-01	8.377022e-01	2.528298e+01	-1.990663e-01	NaN	NaN	NaN	NaN	NaN	NaN	NaN	NaN	NaN	NaN	NaN
2701	6.752970e+01	-4.042253e+01	2.779611e+01	3.926866e-01	8.377022e-01	2.535346e+01	-1.990663e-01	NaN	NaN	NaN	NaN	NaN	NaN	NaN	NaN	NaN	NaN	NaN
2702	6.754622e+01	-4.036363e+01	2.911826e+01	-3.121352e-01	1.123747e+00	2.542395e+01	-2.724064e-01	NaN	NaN	NaN	NaN	NaN	NaN	NaN	NaN	NaN	NaN	NaN
2703	6.757569e+01	-4.452335e+01	3.297075e+01	-5.940644e-01	5.516576e-01	2.486009e+01	-1.990663e-01	NaN	NaN	NaN	NaN	NaN	NaN	NaN	NaN	NaN	NaN	NaN
2704	6.759918e+01	-4.645732e+01	3.332988e+01	1.812401e-01	4.801468e-01	2.302755e+01	-5.238585e-02	NaN	NaN	NaN	NaN	NaN	NaN	NaN	NaN	NaN	NaN	NaN
2705	6.764083e+01	-5.819042e+01	4.447010e+01	-2.416533e-01	4.086353e-01	2.034923e+01	-5.238585e-02	NaN	NaN	NaN	NaN	NaN	NaN	NaN	NaN	NaN	NaN	NaN
2706	6.765988e+01	-5.819042e+01	4.447010e+01	-2.416533e-01	4.086353e-01	2.034923e+01	-5.238585e-02	NaN	NaN	NaN	NaN	NaN	NaN	NaN	NaN	NaN	NaN	NaN
2707	6.767634e+01	-6.623962e+01	5.158987e+01	1.107578e-01	4.801468e-01	1.816428e+01	1.676348e-01	NaN	NaN	NaN	NaN	NaN	NaN	NaN	NaN	NaN	NaN	NaN
2708	6.769073e+01	-1.151585e+02	8.668908e+01	4.027549e-02	-9.194279e-02	1.689560e+01	-3.457467e-01	NaN	NaN	NaN	NaN	NaN	NaN	NaN	NaN	NaN	NaN	NaN
2709	6.772153e+01	-7.213046e+01	5.658578e+01	1.812401e-01	5.516576e-01	1.731849e+01	1.676348e-01	NaN	NaN	NaN	NaN	NaN	NaN	NaN	NaN	NaN	NaN	NaN
2710	6.775958e+01	-8.618790e+01	6.352398e+01	3.222043e-01	5.516576e-01	1.696608e+01	-3.457467e-01	NaN	NaN	NaN	NaN	NaN	NaN	NaN	NaN	NaN	NaN	NaN
2711	6.777922e+01	-7.658219e+01	6.337778e+01	-4.530998e-01	4.086353e-01	1.781187e+01	1.676348e-01	NaN	NaN	NaN	NaN	NaN	NaN	NaN	NaN	NaN	NaN	NaN
2712	6.779695e+01	-6.630553e+01	5.080458e+01	-1.711710e-01	6.231687e-01	1.886910e+01	-1.990663e-01	NaN	NaN	NaN	NaN	NaN	NaN	NaN	NaN	NaN	NaN	NaN
2713	6.782656e+01	-5.950546e+01	4.387199e+01	-1.006891e-01	5.516576e-01	2.027874e+01	-3.457467e-01	NaN	NaN	NaN	NaN	NaN	NaN	NaN	NaN	NaN	NaN	NaN
2714	6.784810e+01	-5.215667e+01	3.850826e+01	-3.020641e-02	3.371241e-01	2.168839e+01	-5.238585e-02	NaN	NaN	NaN	NaN	NaN	NaN	NaN	NaN	NaN	NaN	NaN
2715	6.789390e+01	-4.440421e+01	3.274963e+01	-3.121352e-01	5.516576e-01	2.422575e+01	-5.238585e-02	NaN	NaN	NaN	NaN	NaN	NaN	NaN	NaN	NaN	NaN	NaN
2716	6.791261e+01	-3.872985e+01	2.759148e+01	1.812401e-01	6.946799e-01	2.605829e+01	1.676348e-01	NaN	NaN	NaN	NaN	NaN	NaN	NaN	NaN	NaN	NaN	NaN
2717	6.793013e+01	-3.872985e+01	2.759148e+01	1.812401e-01	6.946799e-01	2.605829e+01	1.676348e-01	NaN	NaN	NaN	NaN	NaN	NaN	NaN	NaN	NaN	NaN	NaN
2718	6.794494e+01	-3.975311e+01	2.779282e+01	1.812401e-01	1.225907e-01	2.739745e+01	9.429451e-02	NaN	NaN	NaN	NaN	NaN	NaN	NaN	NaN	NaN	NaN	NaN
2719	6.798020e+01	-4.113936e+01	2.828092e+01	-3.020641e-02	1.941018e-01	2.774986e+01	-3.457467e-01	NaN	NaN	NaN	NaN	NaN	NaN	NaN	NaN	NaN	NaN	NaN
2720	6.800164e+01	-3.565591e+01	2.519275e+01	-3.020641e-02	6.946799e-01	2.915950e+01	1.676348e-01	NaN	NaN	NaN	NaN	NaN	NaN	NaN	NaN	NaN	NaN	NaN
2721	6.801648e+01	-3.565591e+01	2.519275e+01	-3.020641e-02	6.946799e-01	2.915950e+01	1.676348e-01	NaN	NaN	NaN	NaN	NaN	NaN	NaN	NaN	NaN	NaN	NaN
2722	6.804900e+01	-3.443293e+01	2.302470e+01	2.517224e-01	6.946799e-01	3.190831e+01	-1.990663e-01	NaN	NaN	NaN	NaN	NaN	NaN	NaN	NaN	NaN	NaN	NaN
2723	6.809204e+01	-3.196492e+01	2.173726e+01	2.517224e-01	9.807245e-01	3.310651e+01	1.676348e-01	NaN	NaN	NaN	NaN	NaN	NaN	NaN	NaN	NaN	NaN	NaN
2724	6.811308e+01	-3.055280e+01	2.111198e+01	-2.416533e-01	1.195258e+00	3.557339e+01	1.676348e-01	NaN	NaN	NaN	NaN	NaN	NaN	NaN	NaN	NaN	NaN	NaN
2725	6.813004e+01	-3.110213e+01	2.125306e+01	-3.020641e-02	7.661910e-01	3.592580e+01	2.409750e-01	NaN	NaN	NaN	NaN	NaN	NaN	NaN	NaN	NaN	NaN	NaN
2726	6.814507e+01	-3.110213e+01	2.125306e+01	-3.020641e-02	7.661910e-01	3.592580e+01	2.409750e-01	NaN	NaN	NaN	NaN	NaN	NaN	NaN	NaN	NaN	NaN	NaN
2727	6.818769e+01	-3.113378e+01	2.057565e+01	-2.416533e-01	6.946799e-01	3.944991e+01	-3.457467e-01	NaN	NaN	NaN	NaN	NaN	NaN	NaN	NaN	NaN	NaN	NaN
2728	6.820779e+01	-3.045198e+01	2.007810e+01	1.107578e-01	2.656130e-01	4.093004e+01	9.429451e-02	NaN	NaN	NaN	NaN	NaN	NaN	NaN	NaN	NaN	NaN	NaN
2729	6.822269e+01	-3.045198e+01	2.007810e+01	1.107578e-01	2.656130e-01	4.093004e+01	9.429451e-02	NaN	NaN	NaN	NaN	NaN	NaN	NaN	NaN	NaN	NaN	NaN
2730	6.825058e+01	-2.997567e+01	1.957956e+01	2.517224e-01	5.516576e-01	4.107100e+01	2.095433e-02	NaN	NaN	NaN	NaN	NaN	NaN	NaN	NaN	NaN	NaN	NaN
2731	6.827179e+01	-3.095095e+01	1.989638e+01	1.107578e-01	6.231687e-01	4.071859e+01	-4.924271e-01	NaN	NaN	NaN	NaN	NaN	NaN	NaN	NaN	NaN	NaN	NaN
2732	6.830826e+01	-3.005345e+01	2.043036e+01	2.517224e-01	6.946799e-01	3.712400e+01	5.343358e-01	NaN	NaN	NaN	NaN	NaN	NaN	NaN	NaN	NaN	NaN	NaN
2733	6.832827e+01	-3.783714e+01	2.565874e+01	4.027549e-02	1.941018e-01	3.021674e+01	-2.724064e-01	NaN	NaN	NaN	NaN	NaN	NaN	NaN	NaN	NaN	NaN	NaN
2734	6.834471e+01	-4.822729e+01	3.361421e+01	-1.711710e-01	-9.194279e-02	2.528298e+01	-4.924271e-01	NaN	NaN	NaN	NaN	NaN	NaN	NaN	NaN	NaN	NaN	NaN
2735	6.837464e+01	-1.365015e+03	1.084615e+03	1.107578e-01	-2.043164e-02	1.372390e+01	-2.724064e-01	NaN	NaN	NaN	NaN	NaN	NaN	NaN	NaN	NaN	NaN	NaN
2736	6.841003e+01	1.162445e+01	-1.371256e+01	2.517224e-01	-2.349655e-01	4.349760e+00	-1.990663e-01	NaN	NaN	NaN	NaN	NaN	NaN	NaN	NaN	NaN	NaN	NaN
2737	6.843014e+01	4.764443e+00	-7.456764e+00	4.631693e-01	5.107951e-02	1.741918e+00	-4.190869e-01	NaN	NaN	NaN	NaN	NaN	NaN	NaN	NaN	NaN	NaN	NaN
2738	6.844839e+01	1.031794e+00	-6.269382e+00	4.027549e-02	1.941018e-01	6.142022e-01	-1.257260e-01	NaN	NaN	NaN	NaN	NaN	NaN	NaN	NaN	NaN	NaN	NaN
2739	6.848244e+01	-1.353484e+00	-4.790822e+00	1.107578e-01	2.656130e-01	-6.544776e-01	9.429451e-02	NaN	NaN	NaN	NaN	NaN	NaN	NaN	NaN	NaN	NaN	NaN
2740	6.850493e+01	-1.331835e+00	-4.733787e+00	-3.020641e-02	3.371241e-01	-5.839955e-01	-5.238585e-02	NaN	NaN	NaN	NaN	NaN	NaN	NaN	NaN	NaN	NaN	NaN
2741	6.852486e+01	7.044796e-01	-4.630966e+00	1.812401e-01	-6.640320e-01	-7.249599e-01	-3.457467e-01	NaN	NaN	NaN	NaN	NaN	NaN	NaN	NaN	NaN	NaN	NaN
2742	6.854002e+01	-7.704610e-01	-4.568798e+00	3.926866e-01	-2.349655e-01	-1.006889e+00	1.676348e-01	NaN	NaN	NaN	NaN	NaN	NaN	NaN	NaN	NaN	NaN	NaN
2743	6.857557e+01	-2.540798e+00	-4.199438e+00	-3.020641e-02	2.656130e-01	-1.288818e+00	1.676348e-01	NaN	NaN	NaN	NaN	NaN	NaN	NaN	NaN	NaN	NaN	NaN
2744	6.859730e+01	-9.776992e-01	-4.198130e+00	3.926866e-01	-2.043164e-02	-1.077371e+00	2.095433e-02	NaN	NaN	NaN	NaN	NaN	NaN	NaN	NaN	NaN	NaN	NaN
2745	6.863851e+01	-4.140368e-01	-4.763171e+00	-3.020641e-02	-3.779874e-01	-7.954420e-01	-1.257260e-01	NaN	NaN	NaN	NaN	NaN	NaN	NaN	NaN	NaN	NaN	NaN
2746	6.865483e+01	-1.485241e+00	-3.956680e+00	3.222043e-01	5.107951e-02	-1.288818e+00	2.095433e-02	NaN	NaN	NaN	NaN	NaN	NaN	NaN	NaN	NaN	NaN	NaN
2747	6.867246e+01	-1.485241e+00	-3.956680e+00	3.222043e-01	5.107951e-02	-1.288818e+00	2.095433e-02	NaN	NaN	NaN	NaN	NaN	NaN	NaN	NaN	NaN	NaN	NaN
2748	6.870233e+01	-6.406234e-01	-4.308146e+00	2.517224e-01	-9.194279e-02	-9.364069e-01	-1.257260e-01	NaN	NaN	NaN	NaN	NaN	NaN	NaN	NaN	NaN	NaN	NaN
2749	6.872266e+01	-1.036253e+00	-3.874647e+00	3.222043e-01	-9.194279e-02	-1.288818e+00	-1.257260e-01	NaN	NaN	NaN	NaN	NaN	NaN	NaN	NaN	NaN	NaN	NaN
2750	6.875954e+01	-1.638515e+00	-4.186387e+00	-3.020641e-02	-2.043164e-02	-1.218335e+00	-5.238585e-02	NaN	NaN	NaN	NaN	NaN	NaN	NaN	NaN	NaN	NaN	NaN
2751	6.877902e+01	-5.296323e-01	-4.579389e+00	4.027549e-02	-9.194279e-02	-7.249599e-01	-1.990663e-01	NaN	NaN	NaN	NaN	NaN	NaN	NaN	NaN	NaN	NaN	NaN
2752	6.879593e+01	-7.972928e-01	-4.212938e+00	-3.020641e-02	-2.349655e-01	-1.077371e+00	-2.724064e-01	NaN	NaN	NaN	NaN	NaN	NaN	NaN	NaN	NaN	NaN	NaN
2753	6.882733e+01	-9.393340e-02	-3.460242e+00	3.926866e-01	1.225907e-01	-1.006889e+00	-6.391075e-01	NaN	NaN	NaN	NaN	NaN	NaN	NaN	NaN	NaN	NaN	NaN
2754	6.884764e+01	-1.697052e+00	-5.358973e+00	-1.006891e-01	-4.494986e-01	-1.006889e+00	5.343358e-01	NaN	NaN	NaN	NaN	NaN	NaN	NaN	NaN	NaN	NaN	NaN
2755	6.888339e+01	-9.725872e-02	-3.719072e+00	4.631693e-01	-3.779874e-01	-1.288818e+00	-3.457467e-01	NaN	NaN	NaN	NaN	NaN	NaN	NaN	NaN	NaN	NaN	NaN
2756	6.890557e+01	-2.240734e+00	-4.523891e+00	-3.020641e-02	1.225907e-01	-1.147854e+00	2.409750e-01	NaN	NaN	NaN	NaN	NaN	NaN	NaN	NaN	NaN	NaN	NaN
2757	6.892142e+01	-7.097575e-01	-4.330318e+00	-3.020641e-02	-1.634544e-01	-9.364069e-01	-2.724064e-01	NaN	NaN	NaN	NaN	NaN	NaN	NaN	NaN	NaN	NaN	NaN
2758	6.895376e+01	-9.442712e-02	-3.861618e+00	2.517224e-01	-1.634544e-01	-1.006889e+00	-4.924271e-01	NaN	NaN	NaN	NaN	NaN	NaN	NaN	NaN	NaN	NaN	NaN
2759	6.897472e+01	-1.156628e+00	-4.534347e+00	-5.235821e-01	-2.349655e-01	-9.364069e-01	-3.457467e-01	NaN	NaN	NaN	NaN	NaN	NaN	NaN	NaN	NaN	NaN	NaN
2760	6.899177e+01	-1.074080e-01	-4.376992e+00	2.517224e-01	-3.779874e-01	-9.364069e-01	-1.990663e-01	NaN	NaN	NaN	NaN	NaN	NaN	NaN	NaN	NaN	NaN	NaN
2761	6.902580e+01	-9.580586e-01	-4.593720e+00	1.812401e-01	-2.349655e-01	-1.006889e+00	9.429451e-02	NaN	NaN	NaN	NaN	NaN	NaN	NaN	NaN	NaN	NaN	NaN
2762	6.904639e+01	-1.199386e+00	-3.988981e+00	4.027549e-02	-1.634544e-01	-1.288818e+00	-1.990663e-01	NaN	NaN	NaN	NaN	NaN	NaN	NaN	NaN	NaN	NaN	NaN
2763	6.908137e+01	-1.458842e+00	-4.705002e+00	-3.020641e-02	-2.349655e-01	-1.077371e+00	1.676348e-01	NaN	NaN	NaN	NaN	NaN	NaN	NaN	NaN	NaN	NaN	NaN
2764	6.910114e+01	-5.179271e-01	-4.690428e+00	1.107578e-01	-5.210097e-01	-1.006889e+00	2.095433e-02	NaN	NaN	NaN	NaN	NaN	NaN	NaN	NaN	NaN	NaN	NaN
2765	6.911586e+01	-1.047999e+00	-4.500815e+00	-3.020641e-02	-2.043164e-02	-8.659245e-01	-1.257260e-01	NaN	NaN	NaN	NaN	NaN	NaN	NaN	NaN	NaN	NaN	NaN
2766	6.915589e+01	-6.596131e-01	-4.398048e+00	3.222043e-01	-2.043164e-02	-8.659245e-01	-5.238585e-02	NaN	NaN	NaN	NaN	NaN	NaN	NaN	NaN	NaN	NaN	NaN
2767	6.917543e+01	-9.446867e-01	-5.213862e+00	-3.020641e-02	-5.925209e-01	-9.364069e-01	3.143152e-01	NaN	NaN	NaN	NaN	NaN	NaN	NaN	NaN	NaN	NaN	NaN
2768	6.919152e+01	-6.202733e-01	-4.766441e+00	-3.020641e-02	-3.779874e-01	-8.659245e-01	-5.238585e-02	NaN	NaN	NaN	NaN	NaN	NaN	NaN	NaN	NaN	NaN	NaN
2769	6.922778e+01	-5.026246e-01	-4.599627e+00	4.027549e-02	-5.925209e-01	-1.077371e+00	-5.238585e-02	NaN	NaN	NaN	NaN	NaN	NaN	NaN	NaN	NaN	NaN	NaN
2770	6.924784e+01	-1.876204e+00	-4.945021e+00	-1.711710e-01	-2.349655e-01	-1.077371e+00	3.143152e-01	NaN	NaN	NaN	NaN	NaN	NaN	NaN	NaN	NaN	NaN	NaN
2771	6.928348e+01	-3.980219e-01	-4.131981e+00	4.027549e-02	-1.634544e-01	-9.364069e-01	-4.190869e-01	NaN	NaN	NaN	NaN	NaN	NaN	NaN	NaN	NaN	NaN	NaN
2772	6.930352e+01	-2.345646e-01	-4.524434e+00	4.631693e-01	-2.349655e-01	-8.659245e-01	2.095433e-02	NaN	NaN	NaN	NaN	NaN	NaN	NaN	NaN	NaN	NaN	NaN
2773	6.932069e+01	-2.345646e-01	-4.524434e+00	4.631693e-01	-2.349655e-01	-8.659245e-01	2.095433e-02	NaN	NaN	NaN	NaN	NaN	NaN	NaN	NaN	NaN	NaN	NaN
2774	6.935625e+01	1.062229e-01	-4.357549e+00	4.027549e-02	-4.494986e-01	-8.659245e-01	-4.190869e-01	NaN	NaN	NaN	NaN	NaN	NaN	NaN	NaN	NaN	NaN	NaN
2775	6.937581e+01	-1.650334e+00	-4.335630e+00	-2.416533e-01	1.941018e-01	-9.364069e-01	-1.990663e-01	NaN	NaN	NaN	NaN	NaN	NaN	NaN	NaN	NaN	NaN	NaN
2776	6.939370e+01	-1.429208e+00	-4.179523e+00	-1.006891e-01	5.107951e-02	-1.077371e+00	-1.990663e-01	NaN	NaN	NaN	NaN	NaN	NaN	NaN	NaN	NaN	NaN	NaN
2777	6.943433e+01	-3.597777e-01	-4.373618e+00	6.041335e-01	5.107951e-02	-7.954420e-01	2.095433e-02	NaN	NaN	NaN	NaN	NaN	NaN	NaN	NaN	NaN	NaN	NaN
2778	6.945122e+01	-3.597777e-01	-4.373618e+00	6.041335e-01	5.107951e-02	-7.954420e-01	2.095433e-02	NaN	NaN	NaN	NaN	NaN	NaN	NaN	NaN	NaN	NaN	NaN
2779	6.946904e+01	-6.598680e-01	-4.726715e+00	3.222043e-01	-3.064763e-01	-9.364069e-01	1.676348e-01	NaN	NaN	NaN	NaN	NaN	NaN	NaN	NaN	NaN	NaN	NaN
2780	6.950139e+01	-1.859052e+00	-4.493857e+00	1.812401e-01	1.225907e-01	-1.077371e+00	2.409750e-01	NaN	NaN	NaN	NaN	NaN	NaN	NaN	NaN	NaN	NaN	NaN
2781	6.952193e+01	-5.309072e-01	-4.377763e+00	4.027549e-02	1.225907e-01	-6.544776e-01	-3.457467e-01	NaN	NaN	NaN	NaN	NaN	NaN	NaN	NaN	NaN	NaN	NaN
2782	6.956069e+01	9.755339e-02	-4.451015e+00	2.517224e-01	-5.210097e-01	-9.364069e-01	-1.990663e-01	NaN	NaN	NaN	NaN	NaN	NaN	NaN	NaN	NaN	NaN	NaN
2783	6.958390e+01	-1.980894e+00	-4.194975e+00	4.027549e-02	5.107951e-02	-1.288818e+00	9.429451e-02	NaN	NaN	NaN	NaN	NaN	NaN	NaN	NaN	NaN	NaN	NaN
2784	6.960553e+01	-1.700921e+00	-4.677732e+00	-3.020641e-02	-2.043164e-02	-1.006889e+00	1.676348e-01	NaN	NaN	NaN	NaN	NaN	NaN	NaN	NaN	NaN	NaN	NaN
2785	6.962220e+01	-4.059578e-01	-4.485922e+00	4.027549e-02	-3.779874e-01	-9.364069e-01	-1.990663e-01	NaN	NaN	NaN	NaN	NaN	NaN	NaN	NaN	NaN	NaN	NaN
2786	6.965108e+01	-6.598680e-01	-5.207377e+00	4.027549e-02	-3.064763e-01	-6.544776e-01	1.676348e-01	NaN	NaN	NaN	NaN	NaN	NaN	NaN	NaN	NaN	NaN	NaN
2787	6.967825e+01	-1.958469e-01	-4.663692e+00	-1.711710e-01	-3.779874e-01	-7.249599e-01	-3.457467e-01	NaN	NaN	NaN	NaN	NaN	NaN	NaN	NaN	NaN	NaN	NaN
2788	6.969292e+01	-1.077014e+00	-4.568076e+00	3.926866e-01	-3.779874e-01	-1.218335e+00	3.143152e-01	NaN	NaN	NaN	NaN	NaN	NaN	NaN	NaN	NaN	NaN	NaN
2789	6.973073e+01	-1.233908e+00	-4.537695e+00	-3.020641e-02	-2.349655e-01	-1.077371e+00	2.095433e-02	NaN	NaN	NaN	NaN	NaN	NaN	NaN	NaN	NaN	NaN	NaN
2790	6.974990e+01	-5.082635e-01	-3.784942e+00	2.517224e-01	-2.043164e-02	-1.077371e+00	-4.190869e-01	NaN	NaN	NaN	NaN	NaN	NaN	NaN	NaN	NaN	NaN	NaN
2791	6.976798e+01	-1.306190e+00	-3.722824e+00	1.812401e-01	-9.194279e-02	-1.429782e+00	-1.990663e-01	NaN	NaN	NaN	NaN	NaN	NaN	NaN	NaN	NaN	NaN	NaN
